Single-Difference Ambiguity Constraint  ac12                COMMENT
    SD                                                      TYPE OF CONSTRAINT
     7     7     5                                          G   AMB FIXING (T/W/N)
     7     7     5    LAMBDA                                IND AMB FIXING (T/W/N)
                                                            END OF HEADER
 G07 G09 2021  7 29  6  0  0.000000 2021  7 29  7  0  0.000000        220158      4203702
 G07 G16 2021  7 29  6  0  0.000000 2021  7 29  7  0  0.000000       2108788      3417601
 G06 G16 2021  7 29  6  0  0.000000 2021  7 29  7  0  0.000000       3325589       699813
 G02 G20 2021  7 29  6  0  0.000000 2021  7 29  7  0  0.000000       -901943     -4545387
 G02 G04 2021  7 29  6  0  0.000000 2021  7 29  7  0  0.000000      -1092266     -3066728
