Single-Difference Ambiguity Constraint  wuh2                COMMENT
    SD                                                      TYPE OF CONSTRAINT
   298   235   213                                          G   AMB FIXING (T/W/N)
    47    45    43    ROUNDING                              IND AMB FIXING (T/W/N)
                                                            END OF HEADER
 G18 G23 2023  1  2  0  0  0.000000 2023  1  2  1 28  0.000000             1           -4
 G24 G25 2023  1  2  0  6  0.000000 2023  1  2  1 54  0.000000             0          -77
 G23 G31 2023  1  2  0 59  0.000000 2023  1  2  3 15  0.000000             4          -62
 G23 G26 2023  1  2  2 28  0.000000 2023  1  2  3 15  0.000000             2         -155
 G12 G32 2023  1  2  0  0  0.000000 2023  1  2  3 15 30.000000            -6           43
 G10 G32 2023  1  2  0  0  0.000000 2023  1  2  4 13 30.000000             2           15
 G10 G22 2023  1  2  1 34  0.000000 2023  1  2  4 13 30.000000             6           -3
 G32 G29 2023  1  2  3 28  0.000000 2023  1  2  4 23  0.000000             8         -141
 G25 G31 2023  1  2  0 59  0.000000 2023  1  2  4 23 30.000000             6           37
 G16 G03 2023  1  2  4  5 30.000000 2023  1  2  5  2 30.000000            -7           61
 G32 G03 2023  1  2  5  7 30.000000 2023  1  2  5 42 30.000000             1          -64
 G29 G03 2023  1  2  5  7 30.000000 2023  1  2  5 55  0.000000            -7           77
 G31 G22 2023  1  2  1 34  0.000000 2023  1  2  6 56  0.000000            -2           26
 G31 G09 2023  1  2  7  3 30.000000 2023  1  2  7 50  0.000000            -5          -17
 G16 G04 2023  1  2  5 37  0.000000 2023  1  2  8 41 30.000000            -6           81
 G26 G08 2023  1  2  6 27 30.000000 2023  1  2  8 54 30.000000             3         -216
 G04 G21 2023  1  2  8 34 30.000000 2023  1  2  9 20 30.000000            11         -256
 G09 G16 2023  1  2  8 44  0.000000 2023  1  2 10 12  0.000000             7          -64
 G27 G30 2023  1  2  9 43 30.000000 2023  1  2 10 45  0.000000           -13          325
 G27 G07 2023  1  2  8 15 30.000000 2023  1  2 10 45  0.000000            -6          339
 G08 G17 2023  1  2 10 46  0.000000 2023  1  2 12 16 30.000000             2          200
 G07 G03 2023  1  2 11 47  0.000000 2023  1  2 13 18 30.000000             1         -162
 G21 G01 2023  1  2  9 20  0.000000 2023  1  2 13 19 30.000000            -8           35
 G21 G30 2023  1  2  9 43 30.000000 2023  1  2 13 19 30.000000           -16          259
 G03 G20 2023  1  2 15  3 30.000000 2023  1  2 15 23  0.000000            -3          169
 G14 G12 2023  1  2 15 51  0.000000 2023  1  2 16 13  0.000000            -1           12
 G17 G19 2023  1  2 12 31  0.000000 2023  1  2 17 30 30.000000            -5          158
 G17 G06 2023  1  2 12 36  0.000000 2023  1  2 17 30 30.000000            -7           12
 G05 G25 2023  1  2 17 10 30.000000 2023  1  2 18  7 30.000000            -5          -11
 G12 G25 2023  1  2 17 10 30.000000 2023  1  2 18  7 30.000000            -3          -15
 G19 G09 2023  1  2 15 13 30.000000 2023  1  2 18 20 30.000000            -4          -20
 G11 G12 2023  1  2 15 51  0.000000 2023  1  2 18 49  0.000000            -1           44
 G06 G02 2023  1  2 18 58  0.000000 2023  1  2 19 34  0.000000             3          160
 G30 G02 2023  1  2 18 58  0.000000 2023  1  2 20 28  0.000000             7           23
 G11 G15 2023  1  2 18 30 30.000000 2023  1  2 20 58 30.000000             2           47
 G20 G18 2023  1  2 20 37 30.000000 2023  1  2 21 53  0.000000             1           49
 G20 G13 2023  1  2 17 32 30.000000 2023  1  2 21 53  0.000000             3            6
 G29 G02 2023  1  2 18 58  0.000000 2023  1  2 22 40 30.000000             3            2
 G29 G23 2023  1  2 21  9  0.000000 2023  1  2 22 40 30.000000             3           12
 G05 G18 2023  1  2 20 37 30.000000 2023  1  2 23 24  0.000000            -1           16
 G05 G24 2023  1  2 20 25  0.000000 2023  1  2 23 24  0.000000            -5          -23
 G23 G10 2023  1  2 22 33 30.000000 2023  1  2 23 59 30.000000            -6          -38
 G15 G23 2023  1  2 21  9  0.000000 2023  1  2 23 59 30.000000             0            9
