Single-Difference Ambiguity Constraint  abmf                COMMENT
    SD                                                      TYPE OF CONSTRAINT
   311   310   301                                          G   AMB FIXING (T/W/N)
   129   129   129                                          E   AMB FIXING (T/W/N)
     4     4     3                                          C2  AMB FIXING (T/W/N)
    94    94    82                                          C3  AMB FIXING (T/W/N)
    90    90    88    ROUNDING                              IND AMB FIXING (T/W/N)
                                                            END OF HEADER
 E13 E33 2020  1  1  0  0  0.000000 2020  1  1  0 54 30.000000            22          -86
 E13 E12 2020  1  1  0 32 30.000000 2020  1  1  0 54 30.000000            20          -36
 G16 G27 2020  1  1  0  0  0.000000 2020  1  1  1 42 30.000000           -12           36
 G08 G27 2020  1  1  0  0  0.000000 2020  1  1  1 42 30.000000            -2            6
 C23 C27 2020  1  1  0  0  0.000000 2020  1  1  1 44  0.000000            18          -81
 C23 C30 2020  1  1  0  0  0.000000 2020  1  1  1 44  0.000000            22          -57
 C28 C37 2020  1  1  0  0  0.000000 2020  1  1  1 58 30.000000             2            3
 C27 C37 2020  1  1  0  0  0.000000 2020  1  1  1 58 30.000000            13           -9
 G23 G28 2020  1  1  1 56 30.000000 2020  1  1  2 13 30.000000             7            3
 G01 G23 2020  1  1  0  0  0.000000 2020  1  1  2 13 30.000000           -31           90
 G08 G09 2020  1  1  0  0  0.000000 2020  1  1  2 54 30.000000           -35          100
 G09 G03 2020  1  1  1 50  0.000000 2020  1  1  2 54 30.000000            16          -23
 E21 E26 2020  1  1  0  0  0.000000 2020  1  1  3 15 30.000000             4           -3
 E01 E21 2020  1  1  0  0  0.000000 2020  1  1  3 15 30.000000            -2          -33
 C27 C37 2020  1  1  2  3 30.000000 2020  1  1  4 15 30.000000            13           -9
 C37 C20 2020  1  1  2 58 30.000000 2020  1  1  4 15 30.000000           -47          162
 G01 G09 2020  1  1  4 12  0.000000 2020  1  1  5  7 30.000000           -22           70
 G01 G06 2020  1  1  2 58  0.000000 2020  1  1  5  7 30.000000           -21           66
 G11 G19 2020  1  1  2 55  0.000000 2020  1  1  5 13 30.000000           -53           89
 G11 G22 2020  1  1  0  3  0.000000 2020  1  1  5 13 30.000000           -44           74
 G07 G02 2020  1  1  4 44 30.000000 2020  1  1  5 16  0.000000           -11            4
 G22 G17 2020  1  1  1 22  0.000000 2020  1  1  5 38 30.000000            21            7
 E01 E33 2020  1  1  0  0  0.000000 2020  1  1  5 57 30.000000           -20           19
 G30 G05 2020  1  1  6  7 30.000000 2020  1  1  6 28  0.000000             0           18
 G17 G03 2020  1  1  1 50  0.000000 2020  1  1  6 33  0.000000            11          -40
 C30 C32 2020  1  1  2  9 30.000000 2020  1  1  6 53 30.000000           -16           41
 C36 C29 2020  1  1  2 23 30.000000 2020  1  1  8  2  0.000000            -7           59
 C36 C35 2020  1  1  6 34  0.000000 2020  1  1  8  2  0.000000            13           54
 E31 E19 2020  1  1  3 34 30.000000 2020  1  1  8  6  0.000000             5          -13
 E31 E04 2020  1  1  4 19  0.000000 2020  1  1  8  6  0.000000             3           -6
 G28 G02 2020  1  1  4 44 30.000000 2020  1  1  8 17  0.000000           -17           11
 E12 E19 2020  1  1  3 34 30.000000 2020  1  1  8 59 30.000000           -15           18
 C30 C29 2020  1  1  2 23 30.000000 2020  1  1  9 24 30.000000           -25           87
 C20 C35 2020  1  1  6 34  0.000000 2020  1  1  9 29 30.000000            33          -47
 C20 C22 2020  1  1  6 56 30.000000 2020  1  1  9 29 30.000000            -1           10
 E24 E11 2020  1  1  3 31  0.000000 2020  1  1  9 46  0.000000           -24          103
 E24 E04 2020  1  1  4 19  0.000000 2020  1  1  9 46  0.000000           -15           65
 G19 G12 2020  1  1  6 45  0.000000 2020  1  1 10 37 30.000000            22            9
 G19 G06 2020  1  1  2 58  0.000000 2020  1  1 10 37 30.000000            27          -20
 C19 C34 2020  1  1 11 36  0.000000 2020  1  1 12 39  0.000000             9          -43
 C19 C21 2020  1  1  9 23 30.000000 2020  1  1 12 39  0.000000            -7           29
 G02 G13 2020  1  1  7 45 30.000000 2020  1  1 13 18 30.000000            14           -3
 G05 G13 2020  1  1  7 45 30.000000 2020  1  1 14  1  0.000000             1            8
 E11 E05 2020  1  1  8 55  0.000000 2020  1  1 14 13 30.000000             1          -30
 G05 G15 2020  1  1  8 46  0.000000 2020  1  1 14 26 30.000000             2            7
 G29 G24 2020  1  1 10 45  0.000000 2020  1  1 14 43  0.000000             5          -10
 C34 C26 2020  1  1 12 18 30.000000 2020  1  1 16 10 30.000000            -5          -15
 E36 E03 2020  1  1 12  5 30.000000 2020  1  1 16 17  0.000000           -18           -5
 E36 E24 2020  1  1 11 12  0.000000 2020  1  1 16 17  0.000000             8          -61
 G15 G12 2020  1  1 12 55  0.000000 2020  1  1 16 36  0.000000             0           -5
 C22 C21 2020  1  1  9 23 30.000000 2020  1  1 16 39  0.000000             0           -2
 G24 G32 2020  1  1 13 46  0.000000 2020  1  1 16 57 30.000000             2          -18
 G24 G31 2020  1  1 15 16  0.000000 2020  1  1 16 57 30.000000             8           -6
 E09 E25 2020  1  1 12 44 30.000000 2020  1  1 17  4  0.000000             3          -30
 G21 G10 2020  1  1 14  3 30.000000 2020  1  1 17 34  0.000000            22          -23
 G21 G31 2020  1  1 15 16  0.000000 2020  1  1 17 34  0.000000            20          -15
 E24 E30 2020  1  1 17 13 30.000000 2020  1  1 17 35  0.000000            -6           18
 G12 G25 2020  1  1 13 49 30.000000 2020  1  1 17 56 30.000000            13          -60
 G12 G29 2020  1  1 16 44 30.000000 2020  1  1 17 56 30.000000            -2          -10
 G20 G32 2020  1  1 13 46  0.000000 2020  1  1 19  5  0.000000             4          -22
 G20 G25 2020  1  1 13 49 30.000000 2020  1  1 19  5  0.000000            12          -44
 C26 C25 2020  1  1 16 39  0.000000 2020  1  1 19 41 30.000000            10           -2
 G10 G26 2020  1  1 16 52 30.000000 2020  1  1 20  8 30.000000             8          -41
 E05 E25 2020  1  1 12 44 30.000000 2020  1  1 20 12  0.000000             9          -30
 E25 E30 2020  1  1 17 13 30.000000 2020  1  1 20 29 30.000000             8          -25
 C14 C11 2020  1  1 18 55  0.000000 2020  1  1 22  3 30.000000            26         -101
 E03 E36 2020  1  1 19 41  0.000000 2020  1  1 22 35  0.000000            36          -64
 E03 E02 2020  1  1 14 52  0.000000 2020  1  1 22 35  0.000000            16          -12
 G22 G23 2020  1  1 20 47  0.000000 2020  1  1 22 52  0.000000            -3           38
 G14 G22 2020  1  1 18 30  0.000000 2020  1  1 22 52  0.000000           -13          -18
 C12 C11 2020  1  1 18 55  0.000000 2020  1  1 22 54  0.000000            35         -100
 G14 G27 2020  1  1 19 24 30.000000 2020  1  1 22 56 30.000000            37         -110
 C33 C28 2020  1  1 21 39  0.000000 2020  1  1 22 59  0.000000           -11           48
 E36 E07 2020  1  1 19 51 30.000000 2020  1  1 23 14  0.000000           -15           50
 C24 C28 2020  1  1 21 39  0.000000 2020  1  1 23 35  0.000000            18         -108
 C24 C34 2020  1  1 17 56  0.000000 2020  1  1 23 35  0.000000            -6          -22
 G31 G01 2020  1  1 23  1  0.000000 2020  1  1 23 59  0.000000             7          -36
 G31 G16 2020  1  1 17 54  0.000000 2020  1  1 23 59  0.000000             9          -55
 C25 C23 2020  1  1 19 59  0.000000 2020  1  1 23 59 30.000000            -8           60
 G26 G09 2020  1  1 21 42  0.000000 2020  1  1 23 59 30.000000           -10           27
 E08 E27 2020  1  1 20 40 30.000000 2020  1  1 23 59 30.000000             9          -52
 E30 E15 2020  1  1 20 58  0.000000 2020  1  1 23 59 30.000000            36          -67
 G26 G23 2020  1  1 20 47  0.000000 2020  1  1 23 59 30.000000           -35           66
 C34 C23 2020  1  1 19 59  0.000000 2020  1  1 23 59 30.000000            -3           43
 E30 E13 2020  1  1 23  6 30.000000 2020  1  1 23 59 30.000000           -11           17
 G27 G11 2020  1  1 22 12 30.000000 2020  1  1 23 59 30.000000           -10           70
 G08 G11 2020  1  1 22 12 30.000000 2020  1  1 23 59 30.000000            -6           67
 E02 E27 2020  1  1 20 40 30.000000 2020  1  1 23 59 30.000000             4          -41
