ABMF G01              2.240320            -23.897906  58849.0000000000  58849.2135416667   0.0083   0.0093  48.1
ABMF G07              5.381155             13.189613  58849.0000000000  58849.2194444444   0.0129   0.0073  41.3
ABMF G08              0.917860            -35.797498  58849.0000000000  58849.1663194444   0.0165   0.0149  31.0
ABMF G09             14.175481              1.117333  58849.0000000000  58849.1211805556   0.0214   0.0207  21.7
ABMF G11             -6.421771            -20.837327  58849.0000000000  58849.2177083333   0.0114   0.0085  47.5
ABMF G16             -2.487465            -37.790912  58849.0000000000  58849.0899305556   0.0151   0.0200  16.3
ABMF G23             13.613437             18.178862  58849.0000000000  58849.0916666667   0.0133   0.0167  23.1
ABMF G26              4.347411            -48.895531  58849.0000000000  58849.0270833333   0.0153   0.0662   9.9
ABMF G27              0.983982            -31.824119  58849.0000000000  58849.0711805556   0.0173   0.0235  22.4
ABMF E01            -17.556971            -51.198379  58849.0000000000  58849.2482638889   0.0058   0.0050  47.2
ABMF E04              0.544468             -6.249226  58849.0000000000  58849.0743055556   0.0094   0.0169  14.3
ABMF E19              2.349892             -9.350781  58849.0000000000  58849.0739583333   0.0189   0.0163  14.4
ABMF E21              4.740808            -50.235334  58849.0000000000  58849.1357638889   0.0092   0.0083  31.1
ABMF E26             -0.807948            -56.213954  58849.0000000000  58849.1527777778   0.0139   0.0086  39.3
ABMF E33              5.269261            -29.198338  58849.0000000000  58849.3572916667   0.0084   0.0056  40.1
ABMF C23              8.083353              5.142511  58849.0000000000  58849.0722222222   0.0108   0.0125  29.2
ABMF C27             10.243853            -30.890863  58849.0000000000  58849.2493055556   0.0125   0.0071  39.1
ABMF C28             -9.817937            -43.932978  58849.0000000000  58849.0888888889   0.0124   0.0136  29.2
ABMF C30            -12.753902            -38.853096  58849.0000000000  58849.3920138889   0.0080   0.0053  35.8
ABMF G22             40.426234             25.219197  58849.0020833333  58849.2350694444   0.0100   0.0111  25.7
ABMF E31             -3.817193            -12.181534  58849.0086805556  58849.3375000000   0.0097   0.0052  41.0
ABMF E12            -20.096481            -23.130593  58849.0225694444  58849.4920138889   0.0120   0.0045  36.5
ABMF G30             15.927741              5.125618  58849.0343750000  58849.2694444444   0.0103   0.0092  31.1
ABMF G17             -5.760542              2.159492  58849.0569444444  58849.4104166667   0.0107   0.0064  34.3
ABMF C23             10.666565              6.072170  58849.0725694444  58849.0857638889   0.0250   0.0561  11.0
ABMF G03             -4.934009            -15.786305  58849.0763888889  58849.2729166667   0.0121   0.0127  33.9
ABMF C36             13.739238            -29.944800  58849.0777777778  58849.3347222222   0.0175   0.0076  29.4
ABMF G28             -2.461189              7.728497  58849.0809027778  58849.0833333333   0.0265   0.2504   8.6
ABMF G28             -2.851135              8.141156  58849.0836805556  58849.3451388889   0.0126   0.0090  44.7
ABMF C29             -1.496153             -7.866471  58849.0996527778  58849.4868055556   0.0203   0.0051  36.1
ABMF G19             49.848736             34.171047  58849.1215277778  58849.4427083333   0.0176   0.0080  36.0
ABMF G06              7.926878             -2.793168  58849.1236111111  58849.4878472222   0.0157   0.0088  32.7
ABMF C20              6.814063             19.095648  58849.1239583333  58849.3954861111   0.0513   0.0071  38.9
ABMF E24              5.944510            -52.194144  58849.1326388889  58849.4069444444   0.0257   0.0064  29.5
ABMF E21              4.599232            -50.127565  58849.1361111111  58849.1468750000   0.0232   0.0555   9.9
ABMF E11            -12.301799              3.825182  58849.1465277778  58849.5927083333   0.0179   0.0046  36.9
ABMF E19             -5.564020            -11.220711  58849.1489583333  58849.3746527778   0.0127   0.0089  26.3
ABMF G09              7.133406              0.194301  58849.1750000000  58849.3732638889   0.0162   0.0129  21.0
ABMF E04             -6.136515            -11.181673  58849.1798611111  58849.5045138889   0.0135   0.0056  38.9
ABMF G23             12.780471             19.148317  58849.1819444444  58849.3250000000   0.0168   0.0187  14.2
ABMF G02             25.019625             28.206642  58849.1975694444  58849.5545138889   0.0107   0.0068  35.1
ABMF C19              3.854949              6.147764  58849.2020833333  58849.5270833333   0.0145   0.0061  41.5
ABMF E25             -5.574818            -12.183225  58849.2451388889  58849.3961805556   0.0210   0.0124  15.0
ABMF G05              5.645642             12.128895  58849.2552083333  58849.4107638889   0.0071   0.0101  38.6
ABMF E09             -7.310853            -10.189603  58849.2732638889  58849.7111111111   0.0124   0.0040  38.0
ABMF C35            -46.578889            -29.710876  58849.2736111111  58849.2756944444   0.0256   0.1847   7.4
ABMF C35            -46.395979            -29.863430  58849.2760416667  58849.5694444444   0.0122   0.0067  43.3
ABMF G12              0.554185             10.155085  58849.2812500000  58849.4583333333   0.0183   0.0140  20.7
ABMF C22              3.500007             16.117548  58849.2892361111  58849.6937500000   0.0127   0.0052  35.1
ABMF G13             -0.569898             10.124309  58849.3232638889  58849.5840277778   0.0124   0.0095  43.9
ABMF G30             15.872769              5.283269  58849.3583333333  58849.3774305556   0.0158   0.0476   8.6
ABMF E36            -16.118400            -22.182348  58849.3611111111  58849.6784722222   0.0123   0.0051  40.1
ABMF G15             -2.256029             10.190624  58849.3652777778  58849.6916666667   0.0143   0.0079  36.6
ABMF G25             -2.666141             -7.796900  58849.3697916667  58849.4194444444   0.0226   0.0449   8.1
ABMF E05              2.847187             -5.224018  58849.3715277778  58849.8416666667   0.0093   0.0043  37.3
ABMF G30             -0.452629             -2.762190  58849.3791666667  58849.4930555556   0.0337   0.0216  14.4
ABMF C21              4.418221             15.146334  58849.3913194444  58849.7930555556   0.0169   0.0052  35.3
ABMF C36             13.739233            -29.920475  58849.3940972222  58849.5979166667   0.0271   0.0108  20.7
ABMF G29             10.406488             11.169035  58849.3989583333  58849.6131944444   0.0116   0.0103  27.3
ABMF G05              5.645646             12.167621  58849.4111111111  58849.6017361111   0.0122   0.0093  30.7
ABMF C12             32.230654             12.713233  58849.4309027778  58849.6645833333   0.0078   0.0105  27.2
ABMF G24              6.009322              0.123853  58849.4479166667  58849.7065972222   0.0133   0.0094  43.1
ABMF E24              5.944512            -52.217582  58849.4666666667  58849.7326388889   0.0257   0.0072  28.0
ABMF E31             -2.007864            -17.125816  58849.4819444444  58849.6197916667   0.0163   0.0158  13.7
ABMF C34              6.219920            -13.883607  58849.4833333333  58849.6739583333   0.0197   0.0104  19.2
ABMF G21             24.854321             18.181144  58849.4913194444  58849.7319444444   0.0144   0.0085  34.7
ABMF E03             18.216364             -2.248640  58849.5038194444  58849.9409722222   0.0193   0.0041  38.0
ABMF C26             26.088808             -7.868026  58849.5128472222  58849.8204861111   0.0184   0.0061  42.9
ABMF G20              7.530147              7.110398  58849.5274305556  58849.7951388889   0.0220   0.0085  44.5
ABMF E25              4.828885            -14.243828  58849.5309027778  58849.8538194444   0.0182   0.0053  40.5
ABMF C11              7.140622              2.661650  58849.5375000000  58849.6607638889   0.0235   0.0234  13.5
ABMF G12              0.554190             10.125636  58849.5420138889  58849.7475694444   0.0182   0.0110  26.1
ABMF G32             11.629760              0.110115  58849.5736111111  58849.9125000000   0.0233   0.0072  35.5
ABMF G25              8.621173            -11.923237  58849.5760416667  58849.8138888889   0.0138   0.0093  37.2
ABMF G10             -6.223395             -8.873810  58849.5857638889  58849.8333333333   0.0130   0.0086  45.0
ABMF C24            -20.442963            -11.891202  58849.5934027778  58849.9826388889   0.0130   0.0052  36.2
ABMF E02             -2.554773            -16.254324  58849.6194444444  58849.9993055556   0.0076   0.0037  40.9
ABMF C14             10.360690              5.710908  58849.6312500000  58849.9190972222   0.0115   0.0095  42.0
ABMF G31             -6.355640              0.126493  58849.6361111111  58849.9993055556   0.0160   0.0073  33.1
ABMF G14             12.853034              6.165872  58849.6437500000  58849.9559027778   0.0153   0.0088  38.7
ABMF C33             -4.158191            -75.919425  58849.6934027778  58849.9576388889   0.0148   0.0055  37.5
ABMF C25              3.827943            -14.910493  58849.6937500000  58849.9993055556   0.0150   0.0066  36.6
ABMF G29             10.406487             11.136195  58849.6975694444  58849.8670138889   0.0239   0.0146  18.7
ABMF G26              1.182359            -19.855163  58849.7031250000  58849.9993055556   0.0209   0.0098  39.6
ABMF E08              0.102171             -9.225070  58849.7159722222  58849.9993055556   0.0124   0.0047  41.9
ABMF E30              6.208734            -22.262128  58849.7177083333  58849.9993055556   0.0173   0.0050  35.8
ABMF C12             32.621559             12.709581  58849.7375000000  58849.9552083333   0.0198   0.0125  24.1
ABMF G16              6.406061             -9.830448  58849.7458333333  58849.9993055556   0.0064   0.0081  40.0
ABMF C34              6.219920            -13.868539  58849.7472222222  58849.9993055556   0.0256   0.0073  31.7
ABMF G22             49.385881             23.158283  58849.7708333333  58849.9527777778   0.0273   0.0150  17.7
ABMF C11              3.520391            -22.360455  58849.7881944444  58849.9993055556   0.0278   0.0090  42.0
ABMF G27              1.215422            -34.949239  58849.8086805556  58849.9993055556   0.0142   0.0081  51.9
ABMF G03            -18.511365            -19.909634  58849.8097222222  58849.9472222222   0.0332   0.0199  14.9
ABMF G25              8.469087            -12.082113  58849.8142361111  58849.8145833333   0.0175   0.4594   7.2
ABMF E36             -7.002586            -40.225091  58849.8201388889  58849.9680555556   0.0195   0.0135  16.7
ABMF E07             -9.189794            -24.271274  58849.8274305556  58849.9993055556   0.0237   0.0085  29.7
ABMF C23            -10.926606              9.371595  58849.8326388889  58849.8329861111   0.0078   0.1736   7.1
ABMF C23            -10.485370              9.084436  58849.8336805556  58849.9993055556   0.0153   0.0093  26.8
ABMF G08              7.993009            -32.937004  58849.8569444444  58849.9993055556   0.0178   0.0090  47.7
ABMF E27             14.223608            -22.278045  58849.8614583333  58849.9993055556   0.0212   0.0120  15.9
ABMF G21             18.476700             -9.857096  58849.8642361111  58849.9368055556   0.0218   0.0275   9.1
ABMF G23             33.714777             27.123057  58849.8659722222  58849.9993055556   0.0073   0.0105  36.3
ABMF C28             -4.293221            -37.930504  58849.9020833333  58849.9993055556   0.0242   0.0094  34.0
ABMF G09              6.174630             -6.982286  58849.9041666667  58849.9993055556   0.0220   0.0219  26.3
ABMF G11            -18.753664            -18.860802  58849.9253472222  58849.9993055556   0.0132   0.0161  27.6
ABMF G01             -0.437650            -15.996639  58849.9590277778  58849.9993055556   0.0271   0.0312  17.2
ABMF G07             -3.426161              6.164106  58849.9725694444  58849.9993055556   0.0262   0.0366  13.7
