Single-Difference Ambiguity Constraint                      COMMENT
    SD                                                      TYPE OF CONSTRAINT
                                                            END OF HEADER
ABMF G16 G27 2020  1  1  0  0  0.000000 2020  1  1  1 42 30.000000            -6           15   0.000
ABMF C23 C27 2020  1  1  0  0  0.000000 2020  1  1  1 44  0.000000            36         -160   0.000
ABMF C28 C30 2020  1  1  0  0  0.000000 2020  1  1  2  8  0.000000            -5           27   0.000
ABMF G03 G16 2020  1  1  1 50  0.000000 2020  1  1  2  9 30.000000            22          -82   0.000
ABMF G11 G23 2020  1  1  0  0  0.000000 2020  1  1  2 12  0.000000           -39          102   0.000
ABMF G08 G23 2020  1  1  0  0  0.000000 2020  1  1  2 12  0.000000           -54          168   0.000
ABMF G03 G09 2020  1  1  1 50  0.000000 2020  1  1  2 54 30.000000           -17           26   0.000
ABMF G08 G09 2020  1  1  0  0  0.000000 2020  1  1  2 54 30.000000           -37          107   0.000
ABMF E21 E33 2020  1  1  0  0  0.000000 2020  1  1  3 15 30.000000           -21           61   0.000
ABMF E01 E21 2020  1  1  0  0  0.000000 2020  1  1  3 15 30.000000            -1          -36   0.000
ABMF E01 E26 2020  1  1  0  0  0.000000 2020  1  1  3 40  0.000000             5          -44   0.000
ABMF G01 G19 2020  1  1  2 55  0.000000 2020  1  1  5  7 30.000000           -58          120   0.000
ABMF G01 G09 2020  1  1  4 12  0.000000 2020  1  1  5  7 30.000000           -24           76   0.000
ABMF G11 G17 2020  1  1  1 22  0.000000 2020  1  1  5 13 30.000000           -23           80   0.000
ABMF G07 G30 2020  1  1  0 49 30.000000 2020  1  1  5 16  0.000000             8          -47   0.000
ABMF G17 G22 2020  1  1  1 22  0.000000 2020  1  1  5 38 30.000000           -23           -1   0.000
ABMF G06 G22 2020  1  1  2 58  0.000000 2020  1  1  5 38 30.000000           -28           41   0.000
ABMF C27 C30 2020  1  1  0  0  0.000000 2020  1  1  5 59  0.000000             8            7   0.000
ABMF G02 G30 2020  1  1  4 44 30.000000 2020  1  1  6 28  0.000000            23          -65   0.000
ABMF C19 C36 2020  1  1  4 51  0.000000 2020  1  1  8  2  0.000000            36         -174   0.000
ABMF E11 E31 2020  1  1  3 31  0.000000 2020  1  1  8  6  0.000000            16          -62   0.000
ABMF G19 G28 2020  1  1  2 55  0.000000 2020  1  1  8 17  0.000000            26            2   0.000
ABMF G02 G28 2020  1  1  4 44 30.000000 2020  1  1  8 17  0.000000            20          -21   0.000
ABMF E12 E33 2020  1  1  0 32 30.000000 2020  1  1  8 34 30.000000             6          -62   0.000
ABMF G05 G09 2020  1  1  6  7 30.000000 2020  1  1  8 57 30.000000            12          -45   0.000
ABMF E19 E24 2020  1  1  3 34 30.000000 2020  1  1  8 59 30.000000            41         -141   0.000
ABMF E19 E36 2020  1  1  8 40  0.000000 2020  1  1  8 59 30.000000            11          -14   0.000
ABMF C30 C35 2020  1  1  6 37 30.000000 2020  1  1  9 24 30.000000            -9          100   0.000
ABMF C29 C30 2020  1  1  2 23 30.000000 2020  1  1  9 24 30.000000            31         -114   0.000
ABMF C19 C20 2020  1  1  4 51  0.000000 2020  1  1  9 29 30.000000           -13           51   0.000
ABMF E09 E24 2020  1  1  6 33 30.000000 2020  1  1  9 46  0.000000            42         -147   0.000
ABMF G12 G17 2020  1  1  6 45  0.000000 2020  1  1  9 51  0.000000             8          -17   0.000
ABMF G05 G06 2020  1  1  6  7 30.000000 2020  1  1  9 51 30.000000            15          -57   0.000
ABMF C29 C36 2020  1  1  9 27 30.000000 2020  1  1 11 41  0.000000            22         -123   0.000
ABMF E04 E12 2020  1  1  4 19  0.000000 2020  1  1 11 48 30.000000            12          -11   0.000
ABMF E04 E11 2020  1  1  4 19  0.000000 2020  1  1 12  6 30.000000           -15           55   0.000
ABMF C19 C21 2020  1  1  9 23 30.000000 2020  1  1 12 39  0.000000            -9           38   0.000
ABMF G02 G13 2020  1  1  7 45 30.000000 2020  1  1 13 18 30.000000            18          -18   0.000
ABMF C22 C35 2020  1  1  6 56 30.000000 2020  1  1 13 40  0.000000            46         -109   0.000
ABMF C26 C35 2020  1  1 12 18 30.000000 2020  1  1 13 40  0.000000            22           36   0.000
ABMF G05 G13 2020  1  1  9 52  0.000000 2020  1  1 14  1  0.000000             2            4   0.000
ABMF E11 E25 2020  1  1 12 44 30.000000 2020  1  1 14 13 30.000000            18          -83   0.000
ABMF G05 G15 2020  1  1  9 52  0.000000 2020  1  1 14 26 30.000000             2            7   0.000
ABMF G24 G29 2020  1  1 10 45  0.000000 2020  1  1 14 43  0.000000           -11           31   0.000
ABMF G12 G29 2020  1  1 13  0 30.000000 2020  1  1 14 43  0.000000            -1          -14   0.000
ABMF C26 C34 2020  1  1 12 18 30.000000 2020  1  1 16 10 30.000000             6           10   0.000
ABMF E03 E36 2020  1  1 12  5 30.000000 2020  1  1 16 17  0.000000            20            1   0.000
ABMF E24 E36 2020  1  1 11 12  0.000000 2020  1  1 16 17  0.000000           -30          127   0.000
ABMF G12 G15 2020  1  1 13  0 30.000000 2020  1  1 16 36  0.000000             0            5   0.000
ABMF C21 C22 2020  1  1  9 23 30.000000 2020  1  1 16 39  0.000000            -1            6   0.000
ABMF G24 G25 2020  1  1 13 49 30.000000 2020  1  1 16 57 30.000000            12          -47   0.000
ABMF E05 E09 2020  1  1  8 55  0.000000 2020  1  1 17  4  0.000000             5            3   0.000
ABMF G21 G32 2020  1  1 13 46  0.000000 2020  1  1 17 34  0.000000            18          -40   0.000
ABMF G21 G31 2020  1  1 15 16  0.000000 2020  1  1 17 34  0.000000            18           -8   0.000
ABMF G12 G29 2020  1  1 16 44 30.000000 2020  1  1 17 56 30.000000            -1          -14   0.000
ABMF C21 C25 2020  1  1 16 39  0.000000 2020  1  1 19  2  0.000000            30         -129   0.000
ABMF G20 G25 2020  1  1 13 49 30.000000 2020  1  1 19  5  0.000000            19          -69   0.000
ABMF G20 G32 2020  1  1 13 46  0.000000 2020  1  1 19  5  0.000000             7          -32   0.000
ABMF C26 C34 2020  1  1 17 56  0.000000 2020  1  1 19 41 30.000000             6           10   0.000
ABMF G10 G26 2020  1  1 16 52 30.000000 2020  1  1 20  0  0.000000            11          -52   0.000
ABMF G10 G31 2020  1  1 15 16  0.000000 2020  1  1 20  0  0.000000            -9           32   0.000
ABMF E05 E30 2020  1  1 17 13 30.000000 2020  1  1 20 12  0.000000            17          -56   0.000
ABMF E05 E25 2020  1  1 12 44 30.000000 2020  1  1 20 12  0.000000             9          -30   0.000
ABMF C11 C14 2020  1  1 18 55  0.000000 2020  1  1 22  3 30.000000           -28          109   0.000
ABMF E03 E27 2020  1  1 20 40 30.000000 2020  1  1 22 35  0.000000            20          -52   0.000
ABMF E02 E03 2020  1  1 14 52  0.000000 2020  1  1 22 35  0.000000           -14            5   0.000
ABMF G22 G23 2020  1  1 20 47  0.000000 2020  1  1 22 52  0.000000            -4           42   0.000
ABMF G11 G22 2020  1  1 22 12 30.000000 2020  1  1 22 52  0.000000           -42           27   0.000
ABMF C11 C12 2020  1  1 18 55  0.000000 2020  1  1 22 55 30.000000           -35           99   0.000
ABMF G14 G16 2020  1  1 17 54  0.000000 2020  1  1 22 56 30.000000            16          -45   0.000
ABMF G14 G26 2020  1  1 16 52 30.000000 2020  1  1 22 56 30.000000            26          -71   0.000
ABMF C23 C33 2020  1  1 20  0 30.000000 2020  1  1 22 59  0.000000            85         -380   0.000
ABMF C24 C33 2020  1  1 16 38 30.000000 2020  1  1 22 59  0.000000            64         -307   0.000
ABMF E07 E36 2020  1  1 19 51 30.000000 2020  1  1 23 14  0.000000            16          -51   0.000
ABMF C24 C25 2020  1  1 16 39  0.000000 2020  1  1 23 35  0.000000             3          -57   0.000
ABMF G01 G31 2020  1  1 23  1  0.000000 2020  1  1 23 59  0.000000           -16           67   0.000
ABMF E07 E27 2020  1  1 20 40 30.000000 2020  1  1 23 59  0.000000            -2          -35   0.000
ABMF E02 E08 2020  1  1 17 11  0.000000 2020  1  1 23 59  0.000000            -7           16   0.000
ABMF G08 G27 2020  1  1 20 34  0.000000 2020  1  1 23 59  0.000000             2            5   0.000
ABMF G16 G23 2020  1  1 20 47  0.000000 2020  1  1 23 59  0.000000           -37           82   0.000
ABMF G09 G26 2020  1  1 21 42  0.000000 2020  1  1 23 59  0.000000            13          -37   0.000
ABMF C23 C28 2020  1  1 21 39  0.000000 2020  1  1 23 59  0.000000            47         -215   0.000
ABMF G11 G27 2020  1  1 22 12 30.000000 2020  1  1 23 59  0.000000            16          -92   0.000
