abmf G01              1.942574            -24.003644  58849.0000000000  58849.0413194444   0.0050   0.0213  40.8
abmf G07              5.085375             13.188791  58849.0000000000  58849.0413194444   0.0047   0.0179  31.2
abmf G08              0.618887            -35.925478  58849.0000000000  58849.0413194444   0.0030   0.0160  55.5
abmf G09             13.827492              1.100579  58849.0000000000  58849.0413194444   0.0043   0.0388  32.6
abmf G11             -6.716701            -20.820935  58849.0000000000  58849.0413194444   0.0022   0.0128  62.3
abmf G16             -2.836809            -37.832395  58849.0000000000  58849.0413194444   0.0067   0.0275  20.7
abmf G23             13.267598             18.152486  58849.0000000000  58849.0413194444   0.0057   0.0240  32.6
abmf G26              4.083128            -48.895531  58849.0000000000  58849.0270833333   0.0128   0.0662   9.9
abmf G27              0.636967            -31.871411  58849.0000000000  58849.0413194444   0.0058   0.0267  29.4
abmf E01            -18.044058            -51.232498  58849.0000000000  58849.0413194444   0.0032   0.0091  44.2
abmf E04              0.100837             -6.286387  58849.0000000000  58849.0413194444   0.0049   0.0217  17.5
abmf E19              1.906152             -9.358570  58849.0000000000  58849.0413194444   0.0067   0.0211  18.3
abmf E21              4.254326            -50.258648  58849.0000000000  58849.0413194444   0.0023   0.0116  39.0
abmf E26             -1.294744            -56.208348  58849.0000000000  58849.0413194444   0.0020   0.0090  64.0
abmf E33              4.782518            -29.270270  58849.0000000000  58849.0413194444   0.0019   0.0088  54.8
abmf C23              7.274319              5.140512  58849.0000000000  58849.0413194444   0.0046   0.0133  35.1
abmf C27              9.435571            -30.907652  58849.0000000000  58849.0413194444   0.0040   0.0084  74.0
abmf C28            -10.627692            -43.927746  58849.0000000000  58849.0413194444   0.0049   0.0130  41.3
abmf C30            -13.564504            -38.886098  58849.0000000000  58849.0413194444   0.0058   0.0285  24.6
abmf G22             40.092484             25.242729  58849.0020833333  58849.0413194444   0.0092   0.0294  10.3
abmf E31             -4.194670            -12.177510  58849.0086805556  58849.0413194444   0.0149   0.0462  11.3
abmf E12            -20.651983            -23.171918  58849.0225694444  58849.0413194444   0.0111   0.0244  11.3
abmf G30             15.844682              5.189418  58849.0326388889  58849.0413194444   0.0175   0.0894   9.5
