Single-Difference Ambiguity Constraint                      COMMENT
    SD                                                      TYPE OF CONSTRAINT
                                                            END OF HEADER
abmf C23 C28 2020  1  1  0  0  0.000000 2020  1  1  0 59 30.000000            49         -180   0.000
abmf E21 E26 2020  1  1  0  0  0.000000 2020  1  1  0 59 30.000000             6           -8   0.000
abmf G07 G08 2020  1  1  0  0  0.000000 2020  1  1  0 59 30.000000            49         -165   0.000
abmf G16 G27 2020  1  1  0  0  0.000000 2020  1  1  0 59 30.000000            -6           15   0.000
abmf E01 E26 2020  1  1  0  0  0.000000 2020  1  1  0 59 30.000000             5          -44   0.000
abmf G16 G23 2020  1  1  0  0  0.000000 2020  1  1  0 59 30.000000           -56          169   0.000
abmf C23 C27 2020  1  1  0  0  0.000000 2020  1  1  0 59 30.000000            36         -160   0.000
abmf G09 G23 2020  1  1  0  0  0.000000 2020  1  1  0 59 30.000000           -17           61   0.000
abmf E21 E33 2020  1  1  0  0  0.000000 2020  1  1  0 59 30.000000           -21           61   0.000
abmf E04 E33 2020  1  1  0  0  0.000000 2020  1  1  0 59 30.000000            23          -76   0.000
abmf G08 G11 2020  1  1  0  0  0.000000 2020  1  1  0 59 30.000000           -15           66   0.000
abmf E04 E19 2020  1  1  0  0  0.000000 2020  1  1  0 59 30.000000             3          -12   0.000
abmf G01 G11 2020  1  1  0  0  0.000000 2020  1  1  0 59 30.000000            -3           26   0.000
abmf C28 C30 2020  1  1  0  0  0.000000 2020  1  1  0 59 30.000000            -5           27   0.000
