Kinematic Trajectory          abmf                          COMMENT
    30.00                                                   INTERVAL
                                                            END OF HEADER
58849     0.00    2919785.792 -5383744.976  1774604.867
58849    30.00    2919785.792 -5383744.980  1774604.869
58849    60.00    2919785.791 -5383744.978  1774604.871
58849    90.00    2919785.791 -5383744.978  1774604.868
58849   120.00    2919785.795 -5383744.982  1774604.870
58849   150.00    2919785.793 -5383744.977  1774604.867
58849   180.00    2919785.788 -5383744.968  1774604.864
58849   210.00    2919785.788 -5383744.968  1774604.863
58849   240.00    2919785.789 -5383744.969  1774604.863
58849   270.00    2919785.792 -5383744.966  1774604.860
58849   300.00    2919785.792 -5383744.967  1774604.860
58849   330.00    2919785.791 -5383744.971  1774604.865
58849   360.00    2919785.794 -5383744.972  1774604.865
58849   390.00    2919785.793 -5383744.970  1774604.866
58849   420.00    2919785.795 -5383744.971  1774604.866
58849   450.00    2919785.794 -5383744.968  1774604.866
58849   480.00    2919785.792 -5383744.964  1774604.864
58849   510.00    2919785.794 -5383744.969  1774604.866
58849   540.00    2919785.796 -5383744.972  1774604.866
58849   570.00    2919785.793 -5383744.968  1774604.865
58849   600.00    2919785.793 -5383744.969  1774604.867
58849   630.00    2919785.793 -5383744.970  1774604.867
58849   660.00    2919785.799 -5383744.975  1774604.867
58849   690.00    2919785.798 -5383744.974  1774604.864
58849   720.00    2919785.795 -5383744.974  1774604.861
58849   750.00    2919785.795 -5383744.976  1774604.863
58849   780.00    2919785.792 -5383744.973  1774604.862
58849   810.00    2919785.801 -5383744.980  1774604.865
58849   840.00    2919785.799 -5383744.980  1774604.867
58849   870.00    2919785.797 -5383744.974  1774604.866
58849   900.00    2919785.795 -5383744.970  1774604.863
58849   930.00    2919785.793 -5383744.969  1774604.864
58849   960.00    2919785.793 -5383744.970  1774604.864
58849   990.00    2919785.794 -5383744.972  1774604.865
58849  1020.00    2919785.795 -5383744.976  1774604.866
58849  1050.00    2919785.796 -5383744.980  1774604.867
58849  1080.00    2919785.791 -5383744.975  1774604.865
58849  1110.00    2919785.792 -5383744.973  1774604.864
58849  1140.00    2919785.795 -5383744.978  1774604.866
58849  1170.00    2919785.788 -5383744.967  1774604.861
58849  1200.00    2919785.789 -5383744.968  1774604.862
58849  1230.00    2919785.789 -5383744.972  1774604.862
58849  1260.00    2919785.791 -5383744.975  1774604.864
58849  1290.00    2919785.791 -5383744.978  1774604.868
58849  1320.00    2919785.792 -5383744.976  1774604.868
58849  1350.00    2919785.794 -5383744.983  1774604.868
58849  1380.00    2919785.798 -5383744.981  1774604.866
58849  1410.00    2919785.793 -5383744.977  1774604.865
58849  1440.00    2919785.787 -5383744.973  1774604.864
58849  1470.00    2919785.791 -5383744.972  1774604.864
58849  1500.00    2919785.792 -5383744.973  1774604.867
58849  1530.00    2919785.794 -5383744.974  1774604.866
58849  1560.00    2919785.799 -5383744.976  1774604.865
58849  1590.00    2919785.797 -5383744.976  1774604.864
58849  1620.00    2919785.799 -5383744.975  1774604.864
58849  1650.00    2919785.799 -5383744.978  1774604.867
58849  1680.00    2919785.795 -5383744.977  1774604.866
58849  1710.00    2919785.799 -5383744.977  1774604.864
58849  1740.00    2919785.798 -5383744.977  1774604.863
58849  1770.00    2919785.798 -5383744.978  1774604.864
58849  1800.00    2919785.794 -5383744.975  1774604.863
58849  1830.00    2919785.794 -5383744.970  1774604.863
58849  1860.00    2919785.795 -5383744.971  1774604.863
58849  1890.00    2919785.794 -5383744.973  1774604.862
58849  1920.00    2919785.791 -5383744.971  1774604.862
58849  1950.00    2919785.792 -5383744.972  1774604.862
58849  1980.00    2919785.797 -5383744.977  1774604.865
58849  2010.00    2919785.797 -5383744.976  1774604.866
58849  2040.00    2919785.798 -5383744.983  1774604.867
58849  2070.00    2919785.794 -5383744.978  1774604.864
58849  2100.00    2919785.790 -5383744.977  1774604.865
58849  2130.00    2919785.793 -5383744.975  1774604.862
58849  2160.00    2919785.791 -5383744.973  1774604.865
58849  2190.00    2919785.791 -5383744.973  1774604.862
58849  2220.00    2919785.791 -5383744.973  1774604.859
58849  2250.00    2919785.793 -5383744.978  1774604.861
58849  2280.00    2919785.795 -5383744.977  1774604.862
58849  2310.00    2919785.796 -5383744.977  1774604.863
58849  2340.00    2919785.796 -5383744.979  1774604.864
58849  2370.00    2919785.797 -5383744.981  1774604.865
58849  2400.00    2919785.796 -5383744.984  1774604.862
58849  2430.00    2919785.793 -5383744.977  1774604.859
58849  2460.00    2919785.795 -5383744.979  1774604.857
58849  2490.00    2919785.794 -5383744.979  1774604.860
58849  2520.00    2919785.792 -5383744.979  1774604.858
58849  2550.00    2919785.792 -5383744.976  1774604.857
58849  2580.00    2919785.793 -5383744.976  1774604.857
58849  2610.00    2919785.794 -5383744.980  1774604.860
58849  2640.00    2919785.794 -5383744.979  1774604.861
58849  2670.00    2919785.796 -5383744.976  1774604.861
58849  2700.00    2919785.799 -5383744.980  1774604.861
58849  2730.00    2919785.798 -5383744.982  1774604.861
58849  2760.00    2919785.793 -5383744.977  1774604.857
58849  2790.00    2919785.795 -5383744.983  1774604.858
58849  2820.00    2919785.800 -5383744.981  1774604.860
58849  2850.00    2919785.800 -5383744.980  1774604.862
58849  2880.00    2919785.801 -5383744.984  1774604.865
58849  2910.00    2919785.802 -5383744.982  1774604.863
58849  2940.00    2919785.800 -5383744.985  1774604.862
58849  2970.00    2919785.798 -5383744.980  1774604.863
58849  3000.00    2919785.798 -5383744.975  1774604.864
58849  3030.00    2919785.797 -5383744.975  1774604.862
58849  3060.00    2919785.794 -5383744.976  1774604.860
58849  3090.00    2919785.796 -5383744.979  1774604.862
58849  3120.00    2919785.802 -5383744.985  1774604.862
58849  3150.00    2919785.796 -5383744.975  1774604.860
58849  3180.00    2919785.798 -5383744.975  1774604.862
58849  3210.00    2919785.795 -5383744.976  1774604.862
58849  3240.00    2919785.798 -5383744.982  1774604.865
58849  3270.00    2919785.799 -5383744.982  1774604.865
58849  3300.00    2919785.799 -5383744.981  1774604.867
58849  3330.00    2919785.795 -5383744.979  1774604.867
58849  3360.00    2919785.799 -5383744.978  1774604.866
58849  3390.00    2919785.797 -5383744.976  1774604.866
58849  3420.00    2919785.801 -5383744.977  1774604.865
58849  3450.00    2919785.796 -5383744.979  1774604.864
58849  3480.00    2919785.797 -5383744.980  1774604.865
58849  3510.00    2919785.794 -5383744.974  1774604.863
58849  3540.00    2919785.794 -5383744.974  1774604.863
58849  3570.00    2919785.792 -5383744.976  1774604.865
