Receiver Clock                                              COMMENT
    30.00                                                   INTERVAL
                                                            END OF HEADER
abmf 2020  1  1  0  0  0.000000    -13747.280211     -2.217924
abmf 2020  1  1  0  0 30.000000    -13747.280211     -1.067088
abmf 2020  1  1  0  1  0.000000    -13747.280211     -1.242418
abmf 2020  1  1  0  1 30.000000    -13747.280211     -0.928771
abmf 2020  1  1  0  2  0.000000    -13747.280211     -2.659384
abmf 2020  1  1  0  2 30.000000    -13747.280211     -2.555763
abmf 2020  1  1  0  3  0.000000    -13747.280211     -2.004211
abmf 2020  1  1  0  3 30.000000    -13747.280211     -2.096086
abmf 2020  1  1  0  4  0.000000    -13747.280211     -2.270132
abmf 2020  1  1  0  4 30.000000    -13747.280211     -1.223981
abmf 2020  1  1  0  5  0.000000    -13747.280211     -2.432099
abmf 2020  1  1  0  5 30.000000    -13747.280211     -2.227317
abmf 2020  1  1  0  6  0.000000    -13747.280211     -2.282156
abmf 2020  1  1  0  6 30.000000    -13747.280211     -2.183252
abmf 2020  1  1  0  7  0.000000    -13747.280211     -1.641017
abmf 2020  1  1  0  7 30.000000    -13747.280211     -2.402923
abmf 2020  1  1  0  8  0.000000    -13747.280211     -2.004784
abmf 2020  1  1  0  8 30.000000    -13747.280211     -2.022787
abmf 2020  1  1  0  9  0.000000    -13747.280211     -2.039867
abmf 2020  1  1  0  9 30.000000    -13747.280211     -2.606766
abmf 2020  1  1  0 10  0.000000    -13747.280211     -2.330802
abmf 2020  1  1  0 10 30.000000    -13747.280211     -1.983001
abmf 2020  1  1  0 11  0.000000    -13747.280211     -1.853489
abmf 2020  1  1  0 11 30.000000    -13747.280211     -1.330932
abmf 2020  1  1  0 12  0.000000    -13747.280211     -2.028703
abmf 2020  1  1  0 12 30.000000    -13747.280211     -1.959425
abmf 2020  1  1  0 13  0.000000    -13747.280211     -2.553116
abmf 2020  1  1  0 13 30.000000    -13747.280211     -2.270267
abmf 2020  1  1  0 14  0.000000    -13747.280211     -2.207926
abmf 2020  1  1  0 14 30.000000    -13747.280211     -1.653381
abmf 2020  1  1  0 15  0.000000    -13747.280211     -1.515272
abmf 2020  1  1  0 15 30.000000    -13747.280211     -1.969747
abmf 2020  1  1  0 16  0.000000    -13747.280211     -2.382556
abmf 2020  1  1  0 16 30.000000    -13747.280211     -2.021589
abmf 2020  1  1  0 17  0.000000    -13747.280211     -2.062737
abmf 2020  1  1  0 17 30.000000    -13747.280211     -1.843749
abmf 2020  1  1  0 18  0.000000    -13747.280211     -1.963036
abmf 2020  1  1  0 18 30.000000    -13747.280211     -1.901047
abmf 2020  1  1  0 19  0.000000    -13747.280211     -2.384509
abmf 2020  1  1  0 19 30.000000    -13747.280211     -1.839263
abmf 2020  1  1  0 20  0.000000    -13747.280211     -2.078243
abmf 2020  1  1  0 20 30.000000    -13747.280211     -2.057444
abmf 2020  1  1  0 21  0.000000    -13747.280211     -2.104899
abmf 2020  1  1  0 21 30.000000    -13747.280211     -2.383218
abmf 2020  1  1  0 22  0.000000    -13747.280211     -1.882639
abmf 2020  1  1  0 22 30.000000    -13747.280211     -2.032296
abmf 2020  1  1  0 23  0.000000    -13747.280211     -1.599803
abmf 2020  1  1  0 23 30.000000    -13747.280211     -1.446290
abmf 2020  1  1  0 24  0.000000    -13747.280211     -2.024752
abmf 2020  1  1  0 24 30.000000    -13747.280211     -2.159124
abmf 2020  1  1  0 25  0.000000    -13747.280211     -1.987952
abmf 2020  1  1  0 25 30.000000    -13747.280211     -2.216677
abmf 2020  1  1  0 26  0.000000    -13747.280211     -1.904225
abmf 2020  1  1  0 26 30.000000    -13747.280211     -2.206100
abmf 2020  1  1  0 27  0.000000    -13747.280211     -1.678914
abmf 2020  1  1  0 27 30.000000    -13747.280211     -2.303263
abmf 2020  1  1  0 28  0.000000    -13747.280211     -1.518331
abmf 2020  1  1  0 28 30.000000    -13747.280211     -1.437763
abmf 2020  1  1  0 29  0.000000    -13747.280211     -2.056250
abmf 2020  1  1  0 29 30.000000    -13747.280211     -1.630000
abmf 2020  1  1  0 30  0.000000    -13747.280211     -1.652378
abmf 2020  1  1  0 30 30.000000    -13747.280211     -2.275744
abmf 2020  1  1  0 31  0.000000    -13747.280211     -2.198439
abmf 2020  1  1  0 31 30.000000    -13747.280211     -2.529164
abmf 2020  1  1  0 32  0.000000    -13747.280211     -2.824946
abmf 2020  1  1  0 32 30.000000    -13747.280211     -2.391453
abmf 2020  1  1  0 33  0.000000    -13747.280211     -1.735000
abmf 2020  1  1  0 33 30.000000    -13747.280211     -1.878278
abmf 2020  1  1  0 34  0.000000    -13747.280211     -2.557161
abmf 2020  1  1  0 34 30.000000    -13747.280211     -1.958921
abmf 2020  1  1  0 35  0.000000    -13747.280211     -1.943766
abmf 2020  1  1  0 35 30.000000    -13747.280211     -1.590765
abmf 2020  1  1  0 36  0.000000    -13747.280211     -1.856939
abmf 2020  1  1  0 36 30.000000    -13747.280211     -1.957809
abmf 2020  1  1  0 37  0.000000    -13747.280211     -1.770930
abmf 2020  1  1  0 37 30.000000    -13747.280211     -2.043066
abmf 2020  1  1  0 38  0.000000    -13747.280211     -1.515841
abmf 2020  1  1  0 38 30.000000    -13747.280211     -1.617603
abmf 2020  1  1  0 39  0.000000    -13747.280211     -2.004410
abmf 2020  1  1  0 39 30.000000    -13747.280211     -2.462438
abmf 2020  1  1  0 40  0.000000    -13747.280211     -1.647726
abmf 2020  1  1  0 40 30.000000    -13747.280211     -2.072365
abmf 2020  1  1  0 41  0.000000    -13747.280211     -1.923674
abmf 2020  1  1  0 41 30.000000    -13747.280211     -1.646098
abmf 2020  1  1  0 42  0.000000    -13747.280211     -1.805247
abmf 2020  1  1  0 42 30.000000    -13747.280211     -2.350314
abmf 2020  1  1  0 43  0.000000    -13747.280211     -2.248438
abmf 2020  1  1  0 43 30.000000    -13747.280211     -2.612932
abmf 2020  1  1  0 44  0.000000    -13747.280211     -1.991173
abmf 2020  1  1  0 44 30.000000    -13747.280211     -1.706835
abmf 2020  1  1  0 45  0.000000    -13747.280211     -2.349179
abmf 2020  1  1  0 45 30.000000    -13747.280211     -1.868709
abmf 2020  1  1  0 46  0.000000    -13747.280211     -1.292899
abmf 2020  1  1  0 46 30.000000    -13747.280211     -1.567213
abmf 2020  1  1  0 47  0.000000    -13747.280211     -1.959302
abmf 2020  1  1  0 47 30.000000    -13747.280211     -1.171049
abmf 2020  1  1  0 48  0.000000    -13747.280211     -1.095657
abmf 2020  1  1  0 48 30.000000    -13747.280211     -1.555101
abmf 2020  1  1  0 49  0.000000    -13747.280211     -1.607413
abmf 2020  1  1  0 49 30.000000    -13747.280211     -1.242900
abmf 2020  1  1  0 50  0.000000    -13747.280211     -1.486609
abmf 2020  1  1  0 50 30.000000    -13747.280211     -1.882807
abmf 2020  1  1  0 51  0.000000    -13747.280211     -2.556361
abmf 2020  1  1  0 51 30.000000    -13747.280211     -2.408942
abmf 2020  1  1  0 52  0.000000    -13747.280211     -1.937447
abmf 2020  1  1  0 52 30.000000    -13747.280211     -1.423761
abmf 2020  1  1  0 53  0.000000    -13747.280211     -0.847838
abmf 2020  1  1  0 53 30.000000    -13747.280211     -1.063796
abmf 2020  1  1  0 54  0.000000    -13747.280211     -1.593596
abmf 2020  1  1  0 54 30.000000    -13747.280211     -1.288610
abmf 2020  1  1  0 55  0.000000    -13747.280211     -2.192762
abmf 2020  1  1  0 55 30.000000    -13747.280211     -1.754817
abmf 2020  1  1  0 56  0.000000    -13747.280211     -2.033950
abmf 2020  1  1  0 56 30.000000    -13747.280211     -1.921807
abmf 2020  1  1  0 57  0.000000    -13747.280211     -1.528433
abmf 2020  1  1  0 57 30.000000    -13747.280211     -1.886808
abmf 2020  1  1  0 58  0.000000    -13747.280211     -1.919611
abmf 2020  1  1  0 58 30.000000    -13747.280211     -1.948815
abmf 2020  1  1  0 59  0.000000    -13747.280211     -2.185428
abmf 2020  1  1  0 59 30.000000    -13747.280211     -2.257018
