Receiver Clock                                              COMMENT
    30.00                                                   INTERVAL
                                                            END OF HEADER
abmf 2020  1  1  0  0  0.000000    -13849.611567     -0.889628
abmf 2020  1  1  0  0 30.000000    -13849.611567      0.263856
abmf 2020  1  1  0  1  0.000000    -13849.611567      0.085557
abmf 2020  1  1  0  1 30.000000    -13849.611567      0.397051
abmf 2020  1  1  0  2  0.000000    -13849.611567     -1.330914
abmf 2020  1  1  0  2 30.000000    -13849.611567     -1.226918
abmf 2020  1  1  0  3  0.000000    -13849.611567     -0.675223
abmf 2020  1  1  0  3 30.000000    -13849.611567     -0.768831
abmf 2020  1  1  0  4  0.000000    -13849.611567     -0.941433
abmf 2020  1  1  0  4 30.000000    -13849.611567      0.104606
abmf 2020  1  1  0  5  0.000000    -13849.611567     -1.102938
abmf 2020  1  1  0  5 30.000000    -13849.611567     -0.899019
abmf 2020  1  1  0  6  0.000000    -13849.611567     -0.951479
abmf 2020  1  1  0  6 30.000000    -13849.611567     -0.852100
abmf 2020  1  1  0  7  0.000000    -13849.611567     -0.308881
abmf 2020  1  1  0  7 30.000000    -13849.611567     -1.070703
abmf 2020  1  1  0  8  0.000000    -13849.611567     -0.676334
abmf 2020  1  1  0  8 30.000000    -13849.611567     -0.694828
abmf 2020  1  1  0  9  0.000000    -13849.611567     -0.710079
abmf 2020  1  1  0  9 30.000000    -13849.611567     -1.275750
abmf 2020  1  1  0 10  0.000000    -13849.611567     -1.000047
abmf 2020  1  1  0 10 30.000000    -13849.611567     -0.653552
abmf 2020  1  1  0 11  0.000000    -13849.611567     -0.524416
abmf 2020  1  1  0 11 30.000000    -13849.611567      0.000584
abmf 2020  1  1  0 12  0.000000    -13849.611567     -0.699843
abmf 2020  1  1  0 12 30.000000    -13849.611567     -0.628176
abmf 2020  1  1  0 13  0.000000    -13849.611567     -1.220862
abmf 2020  1  1  0 13 30.000000    -13849.611567     -0.940070
abmf 2020  1  1  0 14  0.000000    -13849.611567     -0.877818
abmf 2020  1  1  0 14 30.000000    -13849.611567     -0.324546
abmf 2020  1  1  0 15  0.000000    -13849.611567     -0.185769
abmf 2020  1  1  0 15 30.000000    -13849.611567     -0.636584
abmf 2020  1  1  0 16  0.000000    -13849.611567     -1.049749
abmf 2020  1  1  0 16 30.000000    -13849.611567     -0.688622
abmf 2020  1  1  0 17  0.000000    -13849.611567     -0.731535
abmf 2020  1  1  0 17 30.000000    -13849.611567     -0.514426
abmf 2020  1  1  0 18  0.000000    -13849.611567     -0.632720
abmf 2020  1  1  0 18 30.000000    -13849.611567     -0.572245
abmf 2020  1  1  0 19  0.000000    -13849.611567     -1.056796
abmf 2020  1  1  0 19 30.000000    -13849.611567     -0.504097
abmf 2020  1  1  0 20  0.000000    -13849.611567     -0.743104
abmf 2020  1  1  0 20 30.000000    -13849.611567     -0.724393
abmf 2020  1  1  0 21  0.000000    -13849.611567     -0.771791
abmf 2020  1  1  0 21 30.000000    -13849.611567     -1.053190
abmf 2020  1  1  0 22  0.000000    -13849.611567     -0.551942
abmf 2020  1  1  0 22 30.000000    -13849.611567     -0.705022
abmf 2020  1  1  0 23  0.000000    -13849.611567     -0.273257
abmf 2020  1  1  0 23 30.000000    -13849.611567     -0.117203
abmf 2020  1  1  0 24  0.000000    -13849.611567     -0.694313
abmf 2020  1  1  0 24 30.000000    -13849.611567     -0.827253
abmf 2020  1  1  0 25  0.000000    -13849.611567     -0.656444
abmf 2020  1  1  0 25 30.000000    -13849.611567     -0.886519
abmf 2020  1  1  0 26  0.000000    -13849.611567     -0.576763
abmf 2020  1  1  0 26 30.000000    -13849.611567     -0.875011
abmf 2020  1  1  0 27  0.000000    -13849.611567     -0.347712
abmf 2020  1  1  0 27 30.000000    -13849.611567     -0.975167
abmf 2020  1  1  0 28  0.000000    -13849.611567     -0.187553
abmf 2020  1  1  0 28 30.000000    -13849.611567     -0.106797
abmf 2020  1  1  0 29  0.000000    -13849.611567     -0.721137
abmf 2020  1  1  0 29 30.000000    -13849.611567     -0.297829
abmf 2020  1  1  0 30  0.000000    -13849.611567     -0.321893
abmf 2020  1  1  0 30 30.000000    -13849.611567     -0.944135
abmf 2020  1  1  0 31  0.000000    -13849.611567     -0.869049
abmf 2020  1  1  0 31 30.000000    -13849.611567     -1.199513
abmf 2020  1  1  0 32  0.000000    -13849.611567     -1.493836
abmf 2020  1  1  0 32 30.000000    -13849.611567     -1.057397
abmf 2020  1  1  0 33  0.000000    -13849.611567     -0.398148
abmf 2020  1  1  0 33 30.000000    -13849.611567     -0.546570
abmf 2020  1  1  0 34  0.000000    -13849.611567     -1.224259
abmf 2020  1  1  0 34 30.000000    -13849.611567     -0.627443
abmf 2020  1  1  0 35  0.000000    -13849.611567     -0.612490
abmf 2020  1  1  0 35 30.000000    -13849.611567     -0.260400
abmf 2020  1  1  0 36  0.000000    -13849.611567     -0.525452
abmf 2020  1  1  0 36 30.000000    -13849.611567     -0.624130
abmf 2020  1  1  0 37  0.000000    -13849.611567     -0.436771
abmf 2020  1  1  0 37 30.000000    -13849.611567     -0.708926
abmf 2020  1  1  0 38  0.000000    -13849.611567     -0.180823
abmf 2020  1  1  0 38 30.000000    -13849.611567     -0.283127
abmf 2020  1  1  0 39  0.000000    -13849.611567     -0.670436
abmf 2020  1  1  0 39 30.000000    -13849.611567     -1.132159
abmf 2020  1  1  0 40  0.000000    -13849.611567     -0.317826
abmf 2020  1  1  0 40 30.000000    -13849.611567     -0.740979
abmf 2020  1  1  0 41  0.000000    -13849.611567     -0.590683
abmf 2020  1  1  0 41 30.000000    -13849.611567     -0.312601
abmf 2020  1  1  0 42  0.000000    -13849.611567     -0.473800
abmf 2020  1  1  0 42 30.000000    -13849.611567     -1.017214
abmf 2020  1  1  0 43  0.000000    -13849.611567     -0.913316
abmf 2020  1  1  0 43 30.000000    -13849.611567     -1.276948
abmf 2020  1  1  0 44  0.000000    -13849.611567     -0.658804
abmf 2020  1  1  0 44 30.000000    -13849.611567     -0.371192
abmf 2020  1  1  0 45  0.000000    -13849.611567     -1.012921
abmf 2020  1  1  0 45 30.000000    -13849.611567     -0.533517
abmf 2020  1  1  0 46  0.000000    -13849.611567      0.043012
abmf 2020  1  1  0 46 30.000000    -13849.611567     -0.231045
abmf 2020  1  1  0 47  0.000000    -13849.611567     -0.622330
abmf 2020  1  1  0 47 30.000000    -13849.611567      0.164354
abmf 2020  1  1  0 48  0.000000    -13849.611567      0.235862
abmf 2020  1  1  0 48 30.000000    -13849.611567     -0.218216
abmf 2020  1  1  0 49  0.000000    -13849.611567     -0.273126
abmf 2020  1  1  0 49 30.000000    -13849.611567      0.095026
abmf 2020  1  1  0 50  0.000000    -13849.611567     -0.151013
abmf 2020  1  1  0 50 30.000000    -13849.611567     -0.546834
abmf 2020  1  1  0 51  0.000000    -13849.611567     -1.218351
abmf 2020  1  1  0 51 30.000000    -13849.611567     -1.073304
abmf 2020  1  1  0 52  0.000000    -13849.611567     -0.599057
abmf 2020  1  1  0 52 30.000000    -13849.611567     -0.086073
abmf 2020  1  1  0 53  0.000000    -13849.611567      0.486570
abmf 2020  1  1  0 53 30.000000    -13849.611567      0.271939
abmf 2020  1  1  0 54  0.000000    -13849.611567     -0.260189
abmf 2020  1  1  0 54 30.000000    -13849.611567      0.044753
abmf 2020  1  1  0 55  0.000000    -13849.611567     -0.858898
abmf 2020  1  1  0 55 30.000000    -13849.611567     -0.420509
abmf 2020  1  1  0 56  0.000000    -13849.611567     -0.697430
abmf 2020  1  1  0 56 30.000000    -13849.611567     -0.584407
abmf 2020  1  1  0 57  0.000000    -13849.611567     -0.194012
abmf 2020  1  1  0 57 30.000000    -13849.611567     -0.550771
abmf 2020  1  1  0 58  0.000000    -13849.611567     -0.583553
abmf 2020  1  1  0 58 30.000000    -13849.611567     -0.614347
abmf 2020  1  1  0 59  0.000000    -13849.611567     -0.850525
abmf 2020  1  1  0 59 30.000000    -13849.611567     -0.926123
