Receiver Clock                                              COMMENT
    30.00                                                   INTERVAL
                                                            END OF HEADER
abmf 2020  1  1  0  0  0.000000    -13728.272975      1.481670
abmf 2020  1  1  0  0 30.000000    -13728.272975      2.638472
abmf 2020  1  1  0  1  0.000000    -13728.272975      2.460488
abmf 2020  1  1  0  1 30.000000    -13728.272975      2.770041
abmf 2020  1  1  0  2  0.000000    -13728.272975      1.042589
abmf 2020  1  1  0  2 30.000000    -13728.272975      1.145657
abmf 2020  1  1  0  3  0.000000    -13728.272975      1.697901
abmf 2020  1  1  0  3 30.000000    -13728.272975      1.604115
abmf 2020  1  1  0  4  0.000000    -13728.272975      1.434335
abmf 2020  1  1  0  4 30.000000    -13728.272975      2.478926
abmf 2020  1  1  0  5  0.000000    -13728.272975      1.271083
abmf 2020  1  1  0  5 30.000000    -13728.272975      1.476533
abmf 2020  1  1  0  6  0.000000    -13728.272975      1.424442
abmf 2020  1  1  0  6 30.000000    -13728.272975      1.522989
abmf 2020  1  1  0  7  0.000000    -13728.272975      2.066341
abmf 2020  1  1  0  7 30.000000    -13728.272975      1.304086
abmf 2020  1  1  0  8  0.000000    -13728.272975      1.698679
abmf 2020  1  1  0  8 30.000000    -13728.272975      1.680789
abmf 2020  1  1  0  9  0.000000    -13728.272975      1.665494
abmf 2020  1  1  0  9 30.000000    -13728.272975      1.098734
abmf 2020  1  1  0 10  0.000000    -13728.272975      1.376511
abmf 2020  1  1  0 10 30.000000    -13728.272975      1.721586
abmf 2020  1  1  0 11  0.000000    -13728.272975      1.851462
abmf 2020  1  1  0 11 30.000000    -13728.272975      2.373426
abmf 2020  1  1  0 12  0.000000    -13728.272975      1.675736
abmf 2020  1  1  0 12 30.000000    -13728.272975      1.744981
abmf 2020  1  1  0 13  0.000000    -13728.272975      1.154726
abmf 2020  1  1  0 13 30.000000    -13728.272975      1.433384
abmf 2020  1  1  0 14  0.000000    -13728.272975      1.497474
abmf 2020  1  1  0 14 30.000000    -13728.272975      2.049877
abmf 2020  1  1  0 15  0.000000    -13728.272975      2.187443
abmf 2020  1  1  0 15 30.000000    -13728.272975      1.734120
abmf 2020  1  1  0 16  0.000000    -13728.272975      1.323466
abmf 2020  1  1  0 16 30.000000    -13728.272975      1.683243
abmf 2020  1  1  0 17  0.000000    -13728.272975      1.641886
abmf 2020  1  1  0 17 30.000000    -13728.272975      1.859709
abmf 2020  1  1  0 18  0.000000    -13728.272975      1.741644
abmf 2020  1  1  0 18 30.000000    -13728.272975      1.804006
abmf 2020  1  1  0 19  0.000000    -13728.272975      1.319823
abmf 2020  1  1  0 19 30.000000    -13728.272975      1.870247
abmf 2020  1  1  0 20  0.000000    -13728.272975      1.632059
abmf 2020  1  1  0 20 30.000000    -13728.272975      1.650985
abmf 2020  1  1  0 21  0.000000    -13728.272975      1.603826
abmf 2020  1  1  0 21 30.000000    -13728.272975      1.324428
abmf 2020  1  1  0 22  0.000000    -13728.272975      1.824144
abmf 2020  1  1  0 22 30.000000    -13728.272975      1.671164
abmf 2020  1  1  0 23  0.000000    -13728.272975      2.102121
abmf 2020  1  1  0 23 30.000000    -13728.272975      2.258924
abmf 2020  1  1  0 24  0.000000    -13728.272975      1.684782
abmf 2020  1  1  0 24 30.000000    -13728.272975      1.550925
abmf 2020  1  1  0 25  0.000000    -13728.272975      1.721195
abmf 2020  1  1  0 25 30.000000    -13728.272975      1.489542
abmf 2020  1  1  0 26  0.000000    -13728.272975      1.798649
abmf 2020  1  1  0 26 30.000000    -13728.272975      1.499257
abmf 2020  1  1  0 27  0.000000    -13728.272975      2.026131
abmf 2020  1  1  0 27 30.000000    -13728.272975      1.400619
abmf 2020  1  1  0 28  0.000000    -13728.272975      2.186504
abmf 2020  1  1  0 28 30.000000    -13728.272975      2.266353
abmf 2020  1  1  0 29  0.000000    -13728.272975      1.652077
abmf 2020  1  1  0 29 30.000000    -13728.272975      2.074733
abmf 2020  1  1  0 30  0.000000    -13728.272975      2.051476
abmf 2020  1  1  0 30 30.000000    -13728.272975      1.429806
abmf 2020  1  1  0 31  0.000000    -13728.272975      1.506391
abmf 2020  1  1  0 31 30.000000    -13728.272975      1.177395
abmf 2020  1  1  0 32  0.000000    -13728.272975      0.882780
abmf 2020  1  1  0 32 30.000000    -13728.272975      1.318813
abmf 2020  1  1  0 33  0.000000    -13728.272975      1.976122
abmf 2020  1  1  0 33 30.000000    -13728.272975      1.827176
abmf 2020  1  1  0 34  0.000000    -13728.272975      1.151193
abmf 2020  1  1  0 34 30.000000    -13728.272975      1.749053
abmf 2020  1  1  0 35  0.000000    -13728.272975      1.763904
abmf 2020  1  1  0 35 30.000000    -13728.272975      2.115124
abmf 2020  1  1  0 36  0.000000    -13728.272975      1.850364
abmf 2020  1  1  0 36 30.000000    -13728.272975      1.750590
abmf 2020  1  1  0 37  0.000000    -13728.272975      1.938555
abmf 2020  1  1  0 37 30.000000    -13728.272975      1.666860
abmf 2020  1  1  0 38  0.000000    -13728.272975      2.193688
abmf 2020  1  1  0 38 30.000000    -13728.272975      2.091686
abmf 2020  1  1  0 39  0.000000    -13728.272975      1.703990
abmf 2020  1  1  0 39 30.000000    -13728.272975      1.242668
abmf 2020  1  1  0 40  0.000000    -13728.272975      2.058963
abmf 2020  1  1  0 40 30.000000    -13728.272975      1.635515
abmf 2020  1  1  0 41  0.000000    -13728.272975      1.784489
abmf 2020  1  1  0 41 30.000000    -13728.272975      2.059904
abmf 2020  1  1  0 42  0.000000    -13728.272975      1.900060
abmf 2020  1  1  0 42 30.000000    -13728.272975      1.356942
abmf 2020  1  1  0 43  0.000000    -13728.272975      1.459512
abmf 2020  1  1  0 43 30.000000    -13728.272975      1.098487
abmf 2020  1  1  0 44  0.000000    -13728.272975      1.721168
abmf 2020  1  1  0 44 30.000000    -13728.272975      2.005763
abmf 2020  1  1  0 45  0.000000    -13728.272975      1.360997
abmf 2020  1  1  0 45 30.000000    -13728.272975      1.842536
abmf 2020  1  1  0 46  0.000000    -13728.272975      2.417785
abmf 2020  1  1  0 46 30.000000    -13728.272975      2.144803
abmf 2020  1  1  0 47  0.000000    -13728.272975      1.750022
abmf 2020  1  1  0 47 30.000000    -13728.272975      2.536418
abmf 2020  1  1  0 48  0.000000    -13728.272975      2.609708
abmf 2020  1  1  0 48 30.000000    -13728.272975      2.156244
abmf 2020  1  1  0 49  0.000000    -13728.272975      2.102370
abmf 2020  1  1  0 49 30.000000    -13728.272975      2.465537
abmf 2020  1  1  0 50  0.000000    -13728.272975      2.221027
abmf 2020  1  1  0 50 30.000000    -13728.272975      1.823121
abmf 2020  1  1  0 51  0.000000    -13728.272975      1.151139
abmf 2020  1  1  0 51 30.000000    -13728.272975      1.298994
abmf 2020  1  1  0 52  0.000000    -13728.272975      1.773443
abmf 2020  1  1  0 52 30.000000    -13728.272975      2.284609
abmf 2020  1  1  0 53  0.000000    -13728.272975      2.858630
abmf 2020  1  1  0 53 30.000000    -13728.272975      2.643896
abmf 2020  1  1  0 54  0.000000    -13728.272975      2.113484
abmf 2020  1  1  0 54 30.000000    -13728.272975      2.418957
abmf 2020  1  1  0 55  0.000000    -13728.272975      1.514528
abmf 2020  1  1  0 55 30.000000    -13728.272975      1.954251
abmf 2020  1  1  0 56  0.000000    -13728.272975      1.675278
abmf 2020  1  1  0 56 30.000000    -13728.272975      1.790117
abmf 2020  1  1  0 57  0.000000    -13728.272975      2.179719
abmf 2020  1  1  0 57 30.000000    -13728.272975      1.821056
abmf 2020  1  1  0 58  0.000000    -13728.272975      1.790094
abmf 2020  1  1  0 58 30.000000    -13728.272975      1.760467
abmf 2020  1  1  0 59  0.000000    -13728.272975      1.523807
abmf 2020  1  1  0 59 30.000000    -13728.272975      1.449654
