Receiver Clock                                              COMMENT
    30.00                                                   INTERVAL
                                                            END OF HEADER
abmf 2020  1  1  0  0  0.000000         0.000000      0.000000
abmf 2020  1  1  0  0 30.000000         0.000000      0.000000
abmf 2020  1  1  0  1  0.000000         0.000000      0.000000
abmf 2020  1  1  0  1 30.000000         0.000000      0.000000
abmf 2020  1  1  0  2  0.000000         0.000000      0.000000
abmf 2020  1  1  0  2 30.000000         0.000000      0.000000
abmf 2020  1  1  0  3  0.000000         0.000000      0.000000
abmf 2020  1  1  0  3 30.000000         0.000000      0.000000
abmf 2020  1  1  0  4  0.000000         0.000000      0.000000
abmf 2020  1  1  0  4 30.000000         0.000000      0.000000
abmf 2020  1  1  0  5  0.000000         0.000000      0.000000
abmf 2020  1  1  0  5 30.000000         0.000000      0.000000
abmf 2020  1  1  0  6  0.000000         0.000000      0.000000
abmf 2020  1  1  0  6 30.000000         0.000000      0.000000
abmf 2020  1  1  0  7  0.000000         0.000000      0.000000
abmf 2020  1  1  0  7 30.000000         0.000000      0.000000
abmf 2020  1  1  0  8  0.000000         0.000000      0.000000
abmf 2020  1  1  0  8 30.000000         0.000000      0.000000
abmf 2020  1  1  0  9  0.000000         0.000000      0.000000
abmf 2020  1  1  0  9 30.000000         0.000000      0.000000
abmf 2020  1  1  0 10  0.000000         0.000000      0.000000
abmf 2020  1  1  0 10 30.000000         0.000000      0.000000
abmf 2020  1  1  0 11  0.000000         0.000000      0.000000
abmf 2020  1  1  0 11 30.000000         0.000000      0.000000
abmf 2020  1  1  0 12  0.000000         0.000000      0.000000
abmf 2020  1  1  0 12 30.000000         0.000000      0.000000
abmf 2020  1  1  0 13  0.000000         0.000000      0.000000
abmf 2020  1  1  0 13 30.000000         0.000000      0.000000
abmf 2020  1  1  0 14  0.000000         0.000000      0.000000
abmf 2020  1  1  0 14 30.000000         0.000000      0.000000
abmf 2020  1  1  0 15  0.000000         0.000000      0.000000
abmf 2020  1  1  0 15 30.000000         0.000000      0.000000
abmf 2020  1  1  0 16  0.000000         0.000000      0.000000
abmf 2020  1  1  0 16 30.000000         0.000000      0.000000
abmf 2020  1  1  0 17  0.000000         0.000000      0.000000
abmf 2020  1  1  0 17 30.000000         0.000000      0.000000
abmf 2020  1  1  0 18  0.000000         0.000000      0.000000
abmf 2020  1  1  0 18 30.000000         0.000000      0.000000
abmf 2020  1  1  0 19  0.000000         0.000000      0.000000
abmf 2020  1  1  0 19 30.000000         0.000000      0.000000
abmf 2020  1  1  0 20  0.000000         0.000000      0.000000
abmf 2020  1  1  0 20 30.000000         0.000000      0.000000
abmf 2020  1  1  0 21  0.000000         0.000000      0.000000
abmf 2020  1  1  0 21 30.000000         0.000000      0.000000
abmf 2020  1  1  0 22  0.000000         0.000000      0.000000
abmf 2020  1  1  0 22 30.000000         0.000000      0.000000
abmf 2020  1  1  0 23  0.000000         0.000000      0.000000
abmf 2020  1  1  0 23 30.000000         0.000000      0.000000
abmf 2020  1  1  0 24  0.000000         0.000000      0.000000
abmf 2020  1  1  0 24 30.000000         0.000000      0.000000
abmf 2020  1  1  0 25  0.000000         0.000000      0.000000
abmf 2020  1  1  0 25 30.000000         0.000000      0.000000
abmf 2020  1  1  0 26  0.000000         0.000000      0.000000
abmf 2020  1  1  0 26 30.000000         0.000000      0.000000
abmf 2020  1  1  0 27  0.000000         0.000000      0.000000
abmf 2020  1  1  0 27 30.000000         0.000000      0.000000
abmf 2020  1  1  0 28  0.000000         0.000000      0.000000
abmf 2020  1  1  0 28 30.000000         0.000000      0.000000
abmf 2020  1  1  0 29  0.000000         0.000000      0.000000
abmf 2020  1  1  0 29 30.000000         0.000000      0.000000
abmf 2020  1  1  0 30  0.000000         0.000000      0.000000
abmf 2020  1  1  0 30 30.000000         0.000000      0.000000
abmf 2020  1  1  0 31  0.000000         0.000000      0.000000
abmf 2020  1  1  0 31 30.000000         0.000000      0.000000
abmf 2020  1  1  0 32  0.000000         0.000000      0.000000
abmf 2020  1  1  0 32 30.000000         0.000000      0.000000
abmf 2020  1  1  0 33  0.000000         0.000000      0.000000
abmf 2020  1  1  0 33 30.000000         0.000000      0.000000
abmf 2020  1  1  0 34  0.000000         0.000000      0.000000
abmf 2020  1  1  0 34 30.000000         0.000000      0.000000
abmf 2020  1  1  0 35  0.000000         0.000000      0.000000
abmf 2020  1  1  0 35 30.000000         0.000000      0.000000
abmf 2020  1  1  0 36  0.000000         0.000000      0.000000
abmf 2020  1  1  0 36 30.000000         0.000000      0.000000
abmf 2020  1  1  0 37  0.000000         0.000000      0.000000
abmf 2020  1  1  0 37 30.000000         0.000000      0.000000
abmf 2020  1  1  0 38  0.000000         0.000000      0.000000
abmf 2020  1  1  0 38 30.000000         0.000000      0.000000
abmf 2020  1  1  0 39  0.000000         0.000000      0.000000
abmf 2020  1  1  0 39 30.000000         0.000000      0.000000
abmf 2020  1  1  0 40  0.000000         0.000000      0.000000
abmf 2020  1  1  0 40 30.000000         0.000000      0.000000
abmf 2020  1  1  0 41  0.000000         0.000000      0.000000
abmf 2020  1  1  0 41 30.000000         0.000000      0.000000
abmf 2020  1  1  0 42  0.000000         0.000000      0.000000
abmf 2020  1  1  0 42 30.000000         0.000000      0.000000
abmf 2020  1  1  0 43  0.000000         0.000000      0.000000
abmf 2020  1  1  0 43 30.000000         0.000000      0.000000
abmf 2020  1  1  0 44  0.000000         0.000000      0.000000
abmf 2020  1  1  0 44 30.000000         0.000000      0.000000
abmf 2020  1  1  0 45  0.000000         0.000000      0.000000
abmf 2020  1  1  0 45 30.000000         0.000000      0.000000
abmf 2020  1  1  0 46  0.000000         0.000000      0.000000
abmf 2020  1  1  0 46 30.000000         0.000000      0.000000
abmf 2020  1  1  0 47  0.000000         0.000000      0.000000
abmf 2020  1  1  0 47 30.000000         0.000000      0.000000
abmf 2020  1  1  0 48  0.000000         0.000000      0.000000
abmf 2020  1  1  0 48 30.000000         0.000000      0.000000
abmf 2020  1  1  0 49  0.000000         0.000000      0.000000
abmf 2020  1  1  0 49 30.000000         0.000000      0.000000
abmf 2020  1  1  0 50  0.000000         0.000000      0.000000
abmf 2020  1  1  0 50 30.000000         0.000000      0.000000
abmf 2020  1  1  0 51  0.000000         0.000000      0.000000
abmf 2020  1  1  0 51 30.000000         0.000000      0.000000
abmf 2020  1  1  0 52  0.000000         0.000000      0.000000
abmf 2020  1  1  0 52 30.000000         0.000000      0.000000
abmf 2020  1  1  0 53  0.000000         0.000000      0.000000
abmf 2020  1  1  0 53 30.000000         0.000000      0.000000
abmf 2020  1  1  0 54  0.000000         0.000000      0.000000
abmf 2020  1  1  0 54 30.000000         0.000000      0.000000
abmf 2020  1  1  0 55  0.000000         0.000000      0.000000
abmf 2020  1  1  0 55 30.000000         0.000000      0.000000
abmf 2020  1  1  0 56  0.000000         0.000000      0.000000
abmf 2020  1  1  0 56 30.000000         0.000000      0.000000
abmf 2020  1  1  0 57  0.000000         0.000000      0.000000
abmf 2020  1  1  0 57 30.000000         0.000000      0.000000
abmf 2020  1  1  0 58  0.000000         0.000000      0.000000
abmf 2020  1  1  0 58 30.000000         0.000000      0.000000
abmf 2020  1  1  0 59  0.000000         0.000000      0.000000
abmf 2020  1  1  0 59 30.000000         0.000000      0.000000
