   SATNUM:   58849       0.00      19
   SATNUM:   58849      30.00      19
   SATNUM:   58849      60.00      19
   SATNUM:   58849      90.00      19
   SATNUM:   58849     120.00      19
   SATNUM:   58849     150.00      19
   SATNUM:   58849     180.00      20
   SATNUM:   58849     210.00      20
   SATNUM:   58849     240.00      20
   SATNUM:   58849     270.00      20
   SATNUM:   58849     300.00      20
   SATNUM:   58849     330.00      20
   SATNUM:   58849     360.00      20
   SATNUM:   58849     390.00      20
   SATNUM:   58849     420.00      20
   SATNUM:   58849     450.00      20
   SATNUM:   58849     480.00      20
   SATNUM:   58849     510.00      20
   SATNUM:   58849     540.00      20
   SATNUM:   58849     570.00      20
   SATNUM:   58849     600.00      20
   SATNUM:   58849     630.00      20
   SATNUM:   58849     660.00      20
   SATNUM:   58849     690.00      20
   SATNUM:   58849     720.00      20
   SATNUM:   58849     750.00      21
   SATNUM:   58849     780.00      21
   SATNUM:   58849     810.00      21
   SATNUM:   58849     840.00      21
   SATNUM:   58849     870.00      21
   SATNUM:   58849     900.00      21
   SATNUM:   58849     930.00      21
   SATNUM:   58849     960.00      21
   SATNUM:   58849     990.00      21
   SATNUM:   58849    1020.00      21
   SATNUM:   58849    1050.00      21
   SATNUM:   58849    1080.00      21
   SATNUM:   58849    1110.00      21
   SATNUM:   58849    1140.00      21
   SATNUM:   58849    1170.00      21
   SATNUM:   58849    1200.00      21
   SATNUM:   58849    1230.00      21
   SATNUM:   58849    1260.00      21
   SATNUM:   58849    1290.00      21
   SATNUM:   58849    1320.00      21
   SATNUM:   58849    1350.00      21
   SATNUM:   58849    1380.00      21
   SATNUM:   58849    1410.00      21
   SATNUM:   58849    1440.00      21
   SATNUM:   58849    1470.00      21
   SATNUM:   58849    1500.00      21
   SATNUM:   58849    1530.00      21
   SATNUM:   58849    1560.00      21
   SATNUM:   58849    1590.00      21
   SATNUM:   58849    1620.00      21
   SATNUM:   58849    1650.00      21
   SATNUM:   58849    1680.00      21
   SATNUM:   58849    1710.00      21
   SATNUM:   58849    1740.00      21
   SATNUM:   58849    1770.00      21
   SATNUM:   58849    1800.00      21
   SATNUM:   58849    1830.00      21
   SATNUM:   58849    1860.00      21
   SATNUM:   58849    1890.00      21
   SATNUM:   58849    1920.00      21
   SATNUM:   58849    1950.00      22
   SATNUM:   58849    1980.00      22
   SATNUM:   58849    2010.00      22
   SATNUM:   58849    2040.00      22
   SATNUM:   58849    2070.00      22
   SATNUM:   58849    2100.00      22
   SATNUM:   58849    2130.00      22
   SATNUM:   58849    2160.00      22
   SATNUM:   58849    2190.00      22
   SATNUM:   58849    2220.00      22
   SATNUM:   58849    2250.00      22
   SATNUM:   58849    2280.00      22
   SATNUM:   58849    2310.00      22
   SATNUM:   58849    2340.00      22
   SATNUM:   58849    2370.00      21
   SATNUM:   58849    2400.00      21
   SATNUM:   58849    2430.00      21
   SATNUM:   58849    2460.00      21
   SATNUM:   58849    2490.00      21
   SATNUM:   58849    2520.00      21
   SATNUM:   58849    2550.00      21
   SATNUM:   58849    2580.00      21
   SATNUM:   58849    2610.00      21
   SATNUM:   58849    2640.00      21
   SATNUM:   58849    2670.00      21
   SATNUM:   58849    2700.00      21
   SATNUM:   58849    2730.00      21
   SATNUM:   58849    2760.00      21
   SATNUM:   58849    2790.00      21
   SATNUM:   58849    2820.00      22
   SATNUM:   58849    2850.00      22
   SATNUM:   58849    2880.00      22
   SATNUM:   58849    2910.00      22
   SATNUM:   58849    2940.00      22
   SATNUM:   58849    2970.00      22
   SATNUM:   58849    3000.00      22
   SATNUM:   58849    3030.00      22
   SATNUM:   58849    3060.00      22
   SATNUM:   58849    3090.00      22
   SATNUM:   58849    3120.00      22
   SATNUM:   58849    3150.00      22
   SATNUM:   58849    3180.00      22
   SATNUM:   58849    3210.00      22
   SATNUM:   58849    3240.00      22
   SATNUM:   58849    3270.00      22
   SATNUM:   58849    3300.00      22
   SATNUM:   58849    3330.00      22
   SATNUM:   58849    3360.00      22
   SATNUM:   58849    3390.00      22
   SATNUM:   58849    3420.00      22
   SATNUM:   58849    3450.00      22
   SATNUM:   58849    3480.00      22
   SATNUM:   58849    3510.00      22
   SATNUM:   58849    3540.00      22
   SATNUM:   58849    3570.00      22
