+RMS OF RESIDUALS---PHASE(MM)
NAME SUMM G01G02G03G04G05G06G07G08G09G10G11G12G13G14G15G16G17G18G19G20G21G22G23G24G25G26G27G28G29G30G31G32R01R02R03R05R07R08R09R11R12R13R14R15R16R17R18R19R20R21R22R23E01E02E03E04E05E07E08E09E11E12E14E18E19E21E24E25E26E27E30E31E33E36C01C02C03C04C05C06C07C08C09C10C11C12C13C14C16C19C20C21C22C23C24C25C26C27C28C29C30C33C34C35C36J01J02J03J07
abmf    6   3  0  0  0  0  0  4  3  4  0  2  0  0  0  0  7  0  0  0  0  0 11  4  0  0 13  5  0  0 18  0  0  0  0  0  0  0  0  0  0  0  0  0  0  0  0  0  0  0  0  0  0  2  0  0  5  0  0  0  0  0 11  0  0  6  2  0  0  2  0  0 15  2  0  0  0  0  0  0  0  0  0  0  0  0  0  0  0  0  0  0  0  0  4  0  0  0  3  3  0  5  0  0  0  0  0  0  0  0
NAME SUMM G01G02G03G04G05G06G07G08G09G10G11G12G13G14G15G16G17G18G19G20G21G22G23G24G25G26G27G28G29G30G31G32R01R02R03R05R07R08R09R11R12R13R14R15R16R17R18R19R20R21R22R23E01E02E03E04E05E07E08E09E11E12E14E18E19E21E24E25E26E27E30E31E33E36C01C02C03C04C05C06C07C08C09C10C11C12C13C14C16C19C20C21C22C23C24C25C26C27C28C29C30C33C34C35C36J01J02J03J07
-RMS OF RESIDUALS---PHASE(MM)
+TIME SERIES OF RESIDUALS---PHASE(MM)
  abmf G01G02G03G04G05G06G07G08G09G10G11G12G13G14G15G16G17G18G19G20G21G22G23G24G25G26G27G28G29G30G31G32R01R02R03R05R07R08R09R11R12R13R14R15R16R17R18R19R20R21R22R23E01E02E03E04E05E07E08E09E11E12E14E18E19E21E24E25E26E27E30E31E33E36C01C02C03C04C05C06C07C08C09C10C11C12C13C14C16C19C20C21C22C23C24C25C26C27C28C29C30C33C34C35C36J01J02J03J07
     1   3                -6  6 -8    -6             -1                    7       -2  3                                                                             0        7                          0  0        0          -4                                                              2           1 -4     4
     2   6                -5  5 -9    -4             -6                    3       11  4                                                                             1        5                         -2  0        0          -3                                                             -4           1  0    10
     3   6                -6  7-10    -7             -2                    4        9  4                                                                             1        4                          5 -3        2          -5                                                             -4           2  1     5
     4   3                -9  8 -8    -2             -5                    3       13  1                                                                             1       13                         -3  1       -3          -4                                                              1           1 -3     3
     5   6                -2  7-10    -2             -3                    0        4  2                                                                             3        9                          3 -3       -1          -5                                                              1           3 -3    -3
     6   5                -4  9 -7    -3             -5                   -1        2  2                                                                             1        7                          4  1       -2          -6                                                              1           1 -2     2
     7   5               -10  7 -3    -3              2               -30  0      -11  3                                                                             1       10                         -1  1       -3          -3                                                              3           0 -5     7
     8   6               -11  7 -4     0             -2               -24 -1      -15  4                                                                             3        7                          2  2       -6          -4                                                              3          -2 -2     5
     9   2                -5  5  0     1             -1               -15 -2      -19  2                                                                             0        6                         -6  2       -2           1                                                              6          -6 -3    11
    10   2                 0  2  0     2             -7               -16 -2      -10  3                                                                             1        3                         -3  1       -1           0                                                              6          -6 -1     6
    11   0                -9  2  1     2             -3               -17  0        0  3                                                                             0       10                         -8  1       -4           3                                                              4          -5  0     4
    12  -1               -12  4  3    -2             -4               -17  1        7  5                                                                             0        5                          0 -2       -3           2                                                              5          -4  0     0
    13   2               -12  1  2     0             -7               -18  3        3  4                                                                             0        5                         -2  3       -2          -3                                                              1          -5  3     4
    14   4                -6  1  2    -3            -10               -13  2       12  3                                                                             3       -3                         -3  2       -1          -1                                                              0          -3  0     7
    15   2                -2  0  7    -3            -14                -7  1       11  2                                                                             1       -3                          0  2       -3           2                                                              5          -5  3    -7
    16   0                -4 -2  4     0            -15                -2  3       18  4                                                                             3       -5                         -4  2       -3           3                                                              2          -5  3     2
    17   4                -6 -3  2     2            -10                -4  0        9  4                                                                             4        2                         -9  1       -2           1                                                              0          -4  2     3
    18  -1                -6  0  2     1             -8               -10  1        1  5                                                                             1        0                          1  0       -1          -1                                                              3          -5  2     3
    19   4                -1  2 -1    -1             -8                -4 -1       -1  3                                                                             2       -2                          2 -1       -1          -1                                                              1          -3  2     2
    20   6                 2  1 -2     1            -13                 1 -2      -12  5                                                                             1        5                          0 -1       -2           0                                                              5          -7  4    -6
    21   7                -5  5 -4    -1             -8                 3 -1      -13  4                                                                             4        6                         -5  0       -4           0                                                              2          -6  2     4
    22   5                 0  4 -8    -1             -9                 6  0      -18  7                                                                             3        0                         -4 -1       -1           2                                                              1          -5  0    11
    23  -2                -6  5 -3     1             -2                11  0      -15  5                                                                             0        4                          0 -1       -1           0                                                              2          -5 -1     9
    24  -1                -7  4 -3    -1             -1                 6  1       -7  4                                                                            -2        6                          1  0        1          -2                                                             -1          -2  0     6
    25   0                -4  4 -1     0             -6                10  1        5  1                                                                             3       -1                         -6  0        1           1                                                              0          -5  0    11
    26  -3                -3  4  1     2             -9                -3  1       12  2                                                                             2       -2                          1  0       -3       17  0                                                              5          -3 -2     0
    27  -1                -3  1  0     1             -5                -6  0       19  1                                                                             1       -1                         -5 -3       -2       50  5                                                              4          -1 -1    -4
    28  -1                -4  5  1     0             -9               -19 -1       10  4                                                                             0       -8                         -7  0        2       45  3                                                              3          -5 -4    16
    29   4                -4  2  3     0            -10               -19 -1      -11  3                                                                             1       -8                        -11  4        2       44 -1                                                              3          -7 -3    16
    30   9                -2  3  0    -3             -8               -16 -2      -27  3                                                                             4        2                         -7  1       -1       19 -2                                                              7          -6 -4     4
    31   4                 1  1  5    -3             -2                -8 -4      -24  3                                                                             2       -1                         -4  0        2      -19  0                                                              5          -5 -4     7
    32   2                 1  2  6    -4             -6               -12 -1      -26  3                                                                             1       -7                          3  3        0      -19 -1                                                              6          -6 -2     4
    33   3                -4  4  4    -3             -3               -17 -3      -14  2                                                                             4        0                          7 -3       -2        3 -1                                                              8          -2 -3    -5
    34   2                -3  4  3    -3             -2               -29 -1       -1  1                                                                             4       -6                          8 -4       -1       14 -1                                                              6          -3 -2    -2
    35   3                -1  2  5    -3             -3               -29 -3        7  0                                                                             1       -5                          2 -4        1       30  1                                                              5          -2 -1    -3
    36   5                -2  3  1     1             -4               -13 -6        8 -1                                                                             4        1                        -13  0       -1       23  2                                                              4          -3 -5     9
    37   7                 1  3  1    -1             -9               -19 -4        9 -1                                                                             4       -5                        -11  1       -2       18  2                                                              3          -4 -3     8
    38   8                 1  0 -2    -1             -2               -20 -3       -1  0                                                                             4        2                        -15  0        0        8  2                                                              1          -2 -5    10
    39   2                 3  0  0    -1             -1               -13  0      -20  0                                                                             0        3                        -12  2        3        9 -1                                                              6          -3 -6     7
    40   1                 3 -1 -3    -1             -1                -5  5      -28  1                                                                             0        1                         -2  2       -2        8  0                                                              5          -1 -2    -4
    41   0                 0  1 -2     1              0                -3  2      -16  1                                                                             4       -3                          0  1       -3        7 -1                                                              4          -1 -4     1
    42   1                 2  2 -2     2             -5                 8  0        0 -2                                                                             5       -2                         -8  0       -2       10  1                                                              5          -3 -3     3
    43   0                 1  5 -4     0             -5                 9 -1       18  0                                                                             3        1                         -6 -2        0       -2  1                                                              3          -1 -5     6
    44  -4                 4  5 -2     2             -5               -12  0       17 -3                                                                             3       -7                          5 -3       -1       -1  1                                                              7          -4 -4     2
    45  -2                 2  3 -2     2             -5                -8 -1       22  0                                                                             3        1                          1 -4       -2        1  2                                                              6          -1 -4    -2
    46  -3                 4  3  0     4             -4                -6 -5       22 -2                                                                             4       -7                          4 -5        1        0  1                                                              5          -3 -5     5
    47   0                 1  0  2     3             -3                 2 -6       19  0                                                                             2       -4                          0 -3        4        6 -2                                                              2          -1 -4     5
    48   2                 3  2  3     2             -8                 0 -9       12  0                                                                            -1        2                          3  1       -1        2 -2                                                              3           0 -3    -1
    49   1                 3  0  3    -2             -4                -8 -3        5  1                                                                             1        0                          1 -1       -1      -13  1                                                              4           0 -3    -2
    50  -2                 4  0  5    -4             -5                 1 -1        6  0                                                                             2       -3                          4 -1       -1      -24  2                                                              5           0 -3    -4
    51  -3                 5 -1  1    -6             -3                -3  6        7 -2                                                                            -1       -5                         -4  3        3      -22  1                                                              2           0 -3     2
    52   1                 3 -1  0    -5              2                -7  2        6 -2                                                                            -2       -1                         -5  2        1      -13  3                                                             -2           0 -1     3
    53   6                 2 -3 -1    -3             -3               -14  1        1  1                                                                             2      -11                         -6  0        1       19  2                                                              0          -1 -2     5
    54   4                 3 -3  2    -3              1               -11 -4        4  1                                                                            -1       -6                          1 -1        2        9  1                                                             -1           2 -2     1
    55   2                 4 -1  0    -3              5               -12  0       -1 -2                                                                            -1       -9                          5  0        4      -19  0                                                             -5          -2  2     7
    56   1                 4  1 -4    -4              7               -12  1        7 -2                                                                             3       -5                         -1  0        2      -27  0                                                             -3           1 -5    11
    57   1                 6  2  0    -5             -1               -15  0        6 -3                                                                             2       -2                          3  1        0      -40  1                                                              1          -3 -1     4
    58   1                 5 -1 -3    -3             -2                -3  0        8  1                                                                             0        1                          2 -3        3      -23  1                                                              1           0 -2     2
    59   0                 5 -1 -5    -2             -5                 1  1       19  4                                                                            -1        0                          4 -1        1      -10  1                                                              0           4 -3    -1
    60  -3                 2  1  0    -1             -6                -1  0       20  2                                                                            -1       -7                          5  0       -1        2  2                                                              1           1 -3     0
    61  -2                 4  0 -2     0             -1                 2 -1       10  1                                                                             1       -1                          8 -4        3      -14 -1                                                              2           1 -3     1
    62  -3                 4  1 -1    -1              3                 1  0        9 -2                                                                             0       -1                         11 -3        2      -24  0                                                              0           0  0    -1
    63  -6                 0 -1  3     0              3               -10  2        0  2                                                                            -1       -3                          7 -1        2      -14  0                                                              1           0 -2     0
    64  -4                -1 -1  5    -1             -1               -13  4      -13  2                                                                            -1       -3                          1  2        0      -12  0                                                              2          -2  0     0
    65  -4                -1 -4  2    -1              4                -8  5      -19  3                                                                            -1       -3                          1  3       -1       -5  1                                                             -2           2  1    -1
    66  -3                -2 -2  6    -1              5               -14  0      -11  1                                                                            -1       -1                 9       10 -2        1      -11  0                                                              0           1  2    -5
    67  -3                -2 -2  4     2              1                 4  1       16 -2                                                                             2        0                11       10 -4        2       -6 -3                                                              0           3  3    -7
    68  -3                 0 -1  3     2              7                 6 -5        6 -1                                                                             1       -2                 9       10 -3        1      -10 -1                                                             -2           2  0    -1
    69   1                 0 -3  0     2              6                10 -4        2  0                                                                             2        0                12        5 -6        2       -8  0                                                             -3           1  3    -1
    70   3                -1 -3  1     1              0                -2 -4        7  4                                                                             1        4                12        5 -4        1      -17  0                                                             -3           0  4     0
    71   2                 2 -2  0    -1              3                 2 -5      -11  4                                                                             3        4                12        6 -3       -1      -23  0                                                              0           2 -2    -1
    72   2                 2 -1  2     1              2                 5 -7      -13  0                                                                             3       -2                22        9 -1       -1      -22 -1                                                             -1           0  1     1
    73  -1                 2 -2  3     0              1                 4 -3       -8  1                                                                             0       -8                12        4 -2        4      -10  0                                                              0          -2  1     2
    74   2                 2 -2 -1     0              6                 2 -3      -13  1                                                                            -2       -5                 8        4 -1        2        3  0                                                             -2           2 -1     2
    75   3                -1 -3  0     0              8                12 -4      -20  1                                                                             0       -4                -3       -5 -2        1       12  2                                                             -3           1  0     3
    76   0                -1 -2  2     0              6                 7 -3      -14  1                                                                            -5        3               -10        1 -2        3        9  2                                                             -2           2  2    -3
    77  -4                -1 -1  0    -1              8                 3  2        1  2                                                                            -3        7               -21        7 -3        3       -6  2                                                             -3           3  1    -2
    78  -7                 0 -2 -1     1             12                 4  6       -4 -5                                                                            -1        2               -12        4  2        2      -16 -1                                                             -5           2  3     0
    79  -2                 2  0 -2     0             16                 9  1       -3 -9                                                                             1        4                -3        6 -1       -1      -14  0                                                             -5           3  3    -1
    80  -4                 0  0 -1     1             13                 3  3          -7                                                                            -1        3               -11        3 -2        2       -8  1                                                             -3          -1  3     1
    81  -2                 0 -5  1     2             17                 9  0          -6                                                                            -1       -1               -12        1 -2        3       -2  2                                                             -6           1  4     2
    82  -1                 1 -5  4     2             12                 6 -5          -3                                                                            -4       -6                 0        1  1        2        3  2                                                             -6           1  3     1
    83  -1                 0 -6  5     0             13                11 -3          -5                                                                            -3        1               -14        0  1        0       -3  3                                                             -7           3  6    -2
    84   1                 6 -4  4     0             12                 2 -6         -10                                                                            -1        2               -11        8  2       -1       -5  0                                                             -2           3  2    -3
    85   2                 4 -3  2     1              9                -2 -3         -10                                                                             1        2               -17       10  1       -3       -3  0                                                             -1           0  4    -3
    86   1                 2 -2  1    -1              8                 3  1          -8                                                                            -2       -3                -7        3  3       -1        1  1                                                             -5           2  4    -1
    87   0                 1 -2  3    -1              1                19 -2          -5                                                                             1        0               -16        8 -1        0       -5 -1                                                             -2           1  3    -3
    88   0                 2 -4  0    -1              4                22 -1          -2                                                                             0        9               -17       -1  0       -1       -4  2                                                             -3           4  2    -3
    89  -1                -1 -4  1    -2             -2                18  6           0                                                                             1        6               -26       -4  2        2       -3 -1                                                             -3           3  2    -2
    90  -3                 0 -2  1    -1              6                14  3          -5                                                                            -3        2               -11        1  2        2        3  0                                                             -3           4  2    -4
    91  -2                 1 -1  3     0              8                13 -2          -7                                                                            -1       -7               -20       10  2        2       -3  1                                                             -6          -1  4     3
    92  -4                -1 -2  3     1             10                 3  1          -5                                                                             0      -11                -7        4 -1        4        3  0                                                             -2           0  1     2
    93   0                 1 -5  5     0             14                -1 -7          -2                                                                            -4        9                 0       -4  0        2       -3  1                                                             -3           4  0    -1
    94  -4                -1 -5  5     2             13                -2 -3           1                                                                            -2        2                -3        2  1       -1       -4  2                                                             -3           5  0    -2
    95  -3                -3 -1  2     2             10                 6 -3          -2       40                                                                   -2        6               -14        0 -1        2       -3  2                                                              0           2 -2     0
    96  -3                 2  0  2     2              9                 9 -5          -8       38                                                                   -4        4                -7        0  2        0       -2  2                                                              0           2 -1    -1
    97  -5                 0  1  2     3              7                 8 -2          -9       20                                                                   -3       -8                 2       -3  0        4        7  1                                                              0          -1  1     0
    98  -6                -1 -1  3     2              3                 4  2          -5       24                                                                   -6        0                 0        2  2        2        6  0                                                              1           5  0    -6
    99  -6                -1 -3  1     4             -1                -4  3           3       17                                                                   -3        1                 6       -6  1        1        3  1                                                              3           3 -1    -4
   100  -4                 2 -4  2     3              2                -6  1           7      -34                                                                   -5        0                12       -8  2        2        2  1                                                             -1           1  0     0
   101  -4                 1 -3  1     2              6               -14  6          -3        3                                                                   -5       -6                15       -8  4        0        8  0                                                             -1           3  1    -3
   102  -2                 2  0 -2     1             10               -10  3         -10       28                                                                   -4        1                 7        7  4        0       -9 -1                                                             -3           3  3    -3
   103  -2                 4 -2  0     3              0                 6 -1          -5       -7                                                                   -4       -1                11       10  4       -1       -4 -1                                                             -4           3  5    -4
   104  -3                 0 -3 -2     0              0                 2 12          -1      -12                                                                   -4       -7                 4       -2  6        3        0 -3                                                             -8           4  5    -1
   105   0                 1 -5 -6     3             -2                 5  7           0       15                                                                   -5      -12                12        3  4        0        7 -1                                                             -7           5  4    -2
   106   0                 1 -3 -6     3              7                 8  5          -7        3                                                                   -2       -9                18       -3  0       -2        5  2                                                             -7           1  8    -2
   107   1                 1 -1 -3     1             11                 7  4         -15        1                                                                   -2        5                -7        4  3        0        4 -2                                                             -7           3  5    -1
   108  -3                 1 -3  2     3             12                 8  1         -12       -9                                                                   -1        7                 0      -12  3       -2        9 -1                                                             -2           3  2    -3
   109  -3                -1 -2  4     3             14                 1 -4          -8       11                                                                   -2       -3                 0        4  2        0        3 -2                                                             -2           5 -2    -1
   110  -4                -2 -1  3     4              6                 3 -1          -5        7                                                                    0        1                 8        9 -1        0       -8 -1                                                             -3           4  3    -5
   111  -5                 0 -2  6     3             10                -1  0          -6      -17                                                                    0        0                 6        9  1       -2        2 -3                                                             -2           7  2    -8
   112  -7                 1 -1  3     3              5                 2  6         -13        4                                                                   -1       -6                 6        8  1       -1        1 -1                                                             -1           5  4    -9
   113  -5                 0 -1  0     2             11                 3  7         -10       -8                                                                   -1       -3                 7       17  0       -1       -1 -3                                                             -6           9  4    -7
   114  -4                 1 -2 -4     0              7                -6 16          -6      -23                                                                    2       -3                -6       11 -1        0        9 -3                                                             -2           5  1    -5
   115  -1                -1 -4 -5     4              2                -3 15          -6       -6                                                                   -3       -5                 5        1  1        0       13 -3                                                             -5           4  6    -6
   116   0                 1 -5 -9     5              3                 6  5           5      -11                                                                   -4       -4                 2        5  0       -1       17 -1                                                             -4           4  0    -1
   117   1                -1 -3 -6     5              6                 7  3          -1      -11                                                                   -5        3                 5       -1 -1        0       11  1                                                             -7           2  5    -1
   118   1                -2 -4 -3     2              5                 9  3           0        1                                                                   -1        2                -4       -5  0        0        6  0                                                             -6           2  3     1
   119   0                 0 -2  2     2              5                 8 -5          -4        1                                                                   -2        2                 0       -9 -1        1       10  1                                                              1           1 -1    -1
   120  -2                 0 -2 -5     4              1                 2  1           7       -5                                                                   -3        2                 0      -12  1       -4       16  4                                                              2           1 -3     0
  abmf G01G02G03G04G05G06G07G08G09G10G11G12G13G14G15G16G17G18G19G20G21G22G23G24G25G26G27G28G29G30G31G32R01R02R03R05R07R08R09R11R12R13R14R15R16R17R18R19R20R21R22R23E01E02E03E04E05E07E08E09E11E12E14E18E19E21E24E25E26E27E30E31E33E36C01C02C03C04C05C06C07C08C09C10C11C12C13C14C16C19C20C21C22C23C24C25C26C27C28C29C30C33C34C35C36J01J02J03J07
-TIME SERIES OF RESIDUALS---PHASE(MM)
