Single-Difference Ambiguity Constraint  bako                COMMENT
    SD                                                      TYPE OF CONSTRAINT
   465   365   337                                          G   AMB FIXING (T/W/N)
   141   125   112                                          E   AMB FIXING (T/W/N)
    97    95    88    ROUNDING                              IND AMB FIXING (T/W/N)
                                                            END OF HEADER
 G09 G03 2021  8  8  0 13  0.000000 2021  8  8  0 30  0.000000           -30          -28
 E12 E31 2021  8  8  0  0  0.000000 2021  8  8  0 53  0.000000            -1          -23
 E31 E12 2021  8  8  0 53 30.000000 2021  8  8  1  6  0.000000             1           23
 G30 G07 2021  8  8  0  0 30.000000 2021  8  8  1 22  0.000000             1           25
 E01 E09 2021  8  8  0 10 30.000000 2021  8  8  1 43  0.000000           -13          -26
 G30 G07 2021  8  8  1 25  0.000000 2021  8  8  1 44  0.000000           -23            1
 G06 G09 2021  8  8  0  0  0.000000 2021  8  8  1 47 30.000000             5           -4
 G19 G05 2021  8  8  2  3  0.000000 2021  8  8  2 19  0.000000             0           41
 E04 E11 2021  8  8  0  0  0.000000 2021  8  8  2 27 30.000000            -2           17
 E11 E31 2021  8  8  0  0  0.000000 2021  8  8  2 27 30.000000            -1          -25
 G09 G05 2021  8  8  2  3  0.000000 2021  8  8  2 45  0.000000            13           23
 G05 G09 2021  8  8  2 49  0.000000 2021  8  8  3 18 30.000000             9          -38
 G06 G02 2021  8  8  0  1 30.000000 2021  8  8  3 20 30.000000           -11           12
 G30 G02 2021  8  8  0  1 30.000000 2021  8  8  3 22 30.000000            -4           15
 G30 G19 2021  8  8  2 19 30.000000 2021  8  8  3 30  0.000000            17          -52
 G19 G02 2021  8  8  3 23  0.000000 2021  8  8  4 14  0.000000           -97           -9
 E24 E31 2021  8  8  0  0  0.000000 2021  8  8  4 21  0.000000            -3           17
 G14 G12 2021  8  8  3 46  0.000000 2021  8  8  4 33 30.000000            20          -96
 G14 G17 2021  8  8  1 36  0.000000 2021  8  8  4 33 30.000000             6          -82
 G20 G13 2021  8  8  3  1 30.000000 2021  8  8  5 30 30.000000             2          -10
 G20 G02 2021  8  8  4 16  0.000000 2021  8  8  5 30 30.000000             2          -64
 G17 G02 2021  8  8  4 16  0.000000 2021  8  8  5 39 30.000000            -2           -4
 G17 G24 2021  8  8  5  0 30.000000 2021  8  8  5 39 30.000000             5           13
 G25 G20 2021  8  8  5 36 30.000000 2021  8  8  5 48 30.000000           -85           82
 G19 G20 2021  8  8  5 36 30.000000 2021  8  8  6  8  0.000000           -70           -8
 G20 G06 2021  8  8  5 43  0.000000 2021  8  8  6  8  0.000000           129          -49
 G19 G12 2021  8  8  3 46  0.000000 2021  8  8  6 17  0.000000            11          -19
 E24 E05 2021  8  8  3 34  0.000000 2021  8  8  6 50 30.000000            10          -17
 G05 G25 2021  8  8  6  3 30.000000 2021  8  8  7  0  0.000000            30         -131
 G15 G25 2021  8  8  6  3 30.000000 2021  8  8  7  0  0.000000            44         -122
 G05 G13 2021  8  8  3  1 30.000000 2021  8  8  7 17 30.000000            -3            6
 G05 G06 2021  8  8  6 50 30.000000 2021  8  8  7 17 30.000000             1         -122
 G12 G25 2021  8  8  7 14  0.000000 2021  8  8  7 29 30.000000            68          -22
 E09 E36 2021  8  8  6  8 30.000000 2021  8  8  7 47 30.000000            11          -69
 E09 E05 2021  8  8  3 34  0.000000 2021  8  8  7 47 30.000000             7          -16
 G12 G25 2021  8  8  7 52  0.000000 2021  8  8  9 19 30.000000             5           14
 G02 G18 2021  8  8  8 35 30.000000 2021  8  8  9 22  0.000000            17            3
 G15 G29 2021  8  8  6 20 30.000000 2021  8  8  9 33  0.000000            21          -54
 G32 G05 2021  8  8  9 28 30.000000 2021  8  8 10  1 30.000000            19           -6
 G12 G05 2021  8  8 10  2  0.000000 2021  8  8 10 13 30.000000             5            1
 G12 G23 2021  8  8 10 27 30.000000 2021  8  8 12 16  0.000000             3           32
 E36 E03 2021  8  8  6  9  0.000000 2021  8  8 12 35 30.000000            -1           32
 E36 E15 2021  8  8 10 48 30.000000 2021  8  8 12 35 30.000000             6           -2
 G25 G23 2021  8  8 10 27 30.000000 2021  8  8 13 33 30.000000           -13            7
 G10 G25 2021  8  8 13 34  0.000000 2021  8  8 13 45 30.000000            -3           46
 E25 E02 2021  8  8  8 46  0.000000 2021  8  8 13 49  0.000000            -9           55
 G18 G10 2021  8  8 11  1 30.000000 2021  8  8 13 59 30.000000           -12          -15
 E02 E05 2021  8  8 13 15 30.000000 2021  8  8 14 26 30.000000            -6            8
 E30 E05 2021  8  8 13 15 30.000000 2021  8  8 14 26 30.000000             7          -18
 G31 G22 2021  8  8 15  8 30.000000 2021  8  8 15 38 30.000000            11            1
 G31 G26 2021  8  8 11 59  0.000000 2021  8  8 15 38 30.000000            -9          -25
 G32 G10 2021  8  8 11  1 30.000000 2021  8  8 16 32  0.000000             7           -5
 G16 G21 2021  8  8 16 49  0.000000 2021  8  8 17 31  0.000000           -14           -6
 G26 G16 2021  8  8 13 18 30.000000 2021  8  8 17 31  0.000000            21           45
 G32 G16 2021  8  8 13 18 30.000000 2021  8  8 17 59 30.000000            12           93
 G16 G31 2021  8  8 17 48 30.000000 2021  8  8 18  9  0.000000           -31          -10
 E30 E08 2021  8  8 14 12  0.000000 2021  8  8 18 21  0.000000             1           -9
 E15 E03 2021  8  8 12 41  0.000000 2021  8  8 18 27  0.000000             8           49
 E03 E08 2021  8  8 14 12  0.000000 2021  8  8 18 27  0.000000           -30           23
 G22 G31 2021  8  8 18 10 30.000000 2021  8  8 18 45 30.000000           -29            9
 G22 G31 2021  8  8 18 52  0.000000 2021  8  8 19 27  0.000000           -19           19
 E27 E07 2021  8  8 16 43 30.000000 2021  8  8 19 37  0.000000             7          -20
 G27 G04 2021  8  8 17 13  0.000000 2021  8  8 20  6 30.000000            -4           -6
 G27 G08 2021  8  8 15 44 30.000000 2021  8  8 20  6 30.000000             5            1
 G08 G03 2021  8  8 15 47 30.000000 2021  8  8 20 20 30.000000            14          -16
 G08 G21 2021  8  8 17 31 30.000000 2021  8  8 20 54 30.000000            -6           14
 G22 G21 2021  8  8 17 31 30.000000 2021  8  8 21 12  0.000000           -17           13
 E15 E30 2021  8  8 21  7  0.000000 2021  8  8 22  3 30.000000           -10           98
 E15 E27 2021  8  8 20 30 30.000000 2021  8  8 22  3 30.000000           -14           95
 G19 G06 2021  8  8 22 10 30.000000 2021  8  8 22 25 30.000000            18          -26
 G04 G01 2021  8  8 18 21 30.000000 2021  8  8 22 28  0.000000             8            1
 G21 G22 2021  8  8 21 12 30.000000 2021  8  8 22 48 30.000000           -42          -13
 G17 G04 2021  8  8 22 30  0.000000 2021  8  8 22 56 30.000000            31            5
 G06 G04 2021  8  8 22 30  0.000000 2021  8  8 22 56 30.000000            26           27
 G07 G19 2021  8  8 22 26 30.000000 2021  8  8 23 16 30.000000             3           14
 G30 G19 2021  8  8 22 26 30.000000 2021  8  8 23 16 30.000000            -7           24
 E33 E30 2021  8  8 23 11 30.000000 2021  8  8 23 31  0.000000            -8          -21
 G01 G14 2021  8  8 23  1  0.000000 2021  8  8 23 42 30.000000            -4           32
 G01 G07 2021  8  8 20  6  0.000000 2021  8  8 23 42 30.000000           -19           15
 G17 G30 2021  8  8 21 28 30.000000 2021  8  8 23 44 30.000000            -1          -20
 G09 G30 2021  8  8 21 28 30.000000 2021  8  8 23 59  0.000000           -15            5
 G03 G17 2021  8  8 23 47  0.000000 2021  8  8 23 59  0.000000           -39           -8
 G03 G14 2021  8  8 23  1  0.000000 2021  8  8 23 59  0.000000           -42           19
 E26 E21 2021  8  8 22 44 30.000000 2021  8  8 23 59  0.000000             1            5
 E13 E21 2021  8  8 22 44 30.000000 2021  8  8 23 59  0.000000             2           -2
 E07 E27 2021  8  8 20 30 30.000000 2021  8  8 23 59  0.000000             1           28
 E21 E33 2021  8  8 22 44 30.000000 2021  8  8 23 59  0.000000             3            9
 E07 E13 2021  8  8 17 34 30.000000 2021  8  8 23 59  0.000000           -10           27
