Single-Difference Ambiguity Constraint                      COMMENT
    SD                                                      TYPE OF CONSTRAINT
                                                            END OF HEADER
bako G03 G09 2021  8  8  0  0  0.000000 2021  8  8  0 10 30.000000             1           -1
bako G06 G03 2021  8  8  0 13  0.000000 2021  8  8  0 30  0.000000           -25          -32
bako G02 G03 2021  8  8  0 13  0.000000 2021  8  8  0 30  0.000000           -14          -44
bako E11 E12 2021  8  8  0  0  0.000000 2021  8  8  1  6  0.000000             0           -2
bako E12 E24 2021  8  8  0  0  0.000000 2021  8  8  1  6  0.000000             2          -40
bako G30 G07 2021  8  8  0  0 30.000000 2021  8  8  1 24 30.000000             1           25
bako E01 E04 2021  8  8  0  0  0.000000 2021  8  8  1 43  0.000000           -16            0
bako G09 G07 2021  8  8  1 25  0.000000 2021  8  8  1 44  0.000000           -35            2
bako G09 G30 2021  8  8  0  0  0.000000 2021  8  8  1 47 30.000000           -12            1
bako G19 G05 2021  8  8  2  3  0.000000 2021  8  8  2 19  0.000000             0           41
bako G30 G09 2021  8  8  1 55 30.000000 2021  8  8  2 45  0.000000             2          -36
bako G20 G09 2021  8  8  2 49  0.000000 2021  8  8  3 18 30.000000            14          -54
bako G17 G09 2021  8  8  2 49  0.000000 2021  8  8  3 18 30.000000            10            6
bako G06 G09 2021  8  8  2 49  0.000000 2021  8  8  3 18 30.000000            17          -54
bako G02 G13 2021  8  8  2 57 30.000000 2021  8  8  3 22 30.000000            16          -22
bako G14 G30 2021  8  8  0  0  0.000000 2021  8  8  3 33  0.000000            -8          -25
bako G02 G15 2021  8  8  3 48 30.000000 2021  8  8  4 14  0.000000            81           39
bako E31 E09 2021  8  8  0 10 30.000000 2021  8  8  4 21  0.000000             6          -18
bako G14 G17 2021  8  8  1 36  0.000000 2021  8  8  4 34 30.000000             6          -82
bako E04 E25 2021  8  8  2 28  0.000000 2021  8  8  5 18  0.000000            19          -97
bako G20 G02 2021  8  8  4 14 30.000000 2021  8  8  5 30 30.000000             2          -64
bako G17 G19 2021  8  8  2 19 30.000000 2021  8  8  5 39 30.000000             3            5
bako G25 G20 2021  8  8  5 36 30.000000 2021  8  8  5 50  0.000000           -85           82
bako G19 G20 2021  8  8  5 36 30.000000 2021  8  8  6  8  0.000000           -70           -8
bako E24 E09 2021  8  8  0 10 30.000000 2021  8  8  6 50 30.000000             3           -1
bako E24 E03 2021  8  8  6  9  0.000000 2021  8  8  6 50 30.000000            13          -38
bako G15 G25 2021  8  8  6  3 30.000000 2021  8  8  7  0  0.000000            44         -122
bako G25 G29 2021  8  8  6 20 30.000000 2021  8  8  7  0  0.000000           -23           68
bako G05 G13 2021  8  8  2 57 30.000000 2021  8  8  7 17 30.000000            -3            6
bako G24 G06 2021  8  8  6 50 30.000000 2021  8  8  7 17 30.000000            -3          -91
bako G02 G25 2021  8  8  7 14  0.000000 2021  8  8  7 29 30.000000            84          -32
bako G29 G25 2021  8  8  7 39  0.000000 2021  8  8  7 51 30.000000             4           12
bako E09 E36 2021  8  8  6  8 30.000000 2021  8  8  7 58  0.000000            11          -69
bako G13 G24 2021  8  8  5  0 30.000000 2021  8  8  8 25 30.000000             7          -37
bako E05 E24 2021  8  8  9  1  0.000000 2021  8  8  9 12 30.000000             3          -49
bako E11 E24 2021  8  8  9  1  0.000000 2021  8  8  9 12 30.000000            97          -26
bako G02 G25 2021  8  8  7 52  0.000000 2021  8  8  9 19 30.000000            21            4
bako G15 G32 2021  8  8  8 43 30.000000 2021  8  8  9 33  0.000000             9          -46
bako E05 E03 2021  8  8  6  9  0.000000 2021  8  8  9 59 30.000000             3          -21
bako G32 G05 2021  8  8  9 28 30.000000 2021  8  8  9 59 30.000000            19           -6
bako G32 G05 2021  8  8 10 40 30.000000 2021  8  8 10 52 30.000000            24           33
bako G32 G31 2021  8  8 10 28 30.000000 2021  8  8 11  0  0.000000           -13           60
bako G24 G23 2021  8  8 10 27 30.000000 2021  8  8 11 13  0.000000            12            5
bako G12 G24 2021  8  8  5  0 30.000000 2021  8  8 11 13  0.000000            -9           27
bako G29 G31 2021  8  8 11  0 30.000000 2021  8  8 11 55  0.000000           -12           81
bako E03 E15 2021  8  8 10 48 30.000000 2021  8  8 12 40 30.000000             7          -34
bako G18 G25 2021  8  8  9 20  0.000000 2021  8  8 13 33 30.000000            15           12
bako G25 G23 2021  8  8 10 27 30.000000 2021  8  8 13 33 30.000000           -13            7
bako G26 G25 2021  8  8 13 34  0.000000 2021  8  8 13 45 30.000000            13           -7
bako G32 G25 2021  8  8 13 34  0.000000 2021  8  8 13 45 30.000000             4           41
bako E25 E02 2021  8  8  8 46  0.000000 2021  8  8 13 49  0.000000            -9           55
bako E25 E05 2021  8  8 13 15 30.000000 2021  8  8 13 49  0.000000           -15           63
bako G18 G10 2021  8  8 11  1 30.000000 2021  8  8 13 59 30.000000           -12          -15
bako E30 E05 2021  8  8 13 15 30.000000 2021  8  8 14 26 30.000000             7          -18
bako G31 G16 2021  8  8 13 18 30.000000 2021  8  8 15 38 30.000000            12           20
bako G31 G26 2021  8  8 11 59  0.000000 2021  8  8 15 38 30.000000            -9          -25
bako G32 G10 2021  8  8 11  1 30.000000 2021  8  8 16 32  0.000000             7           -5
bako G26 G21 2021  8  8 16 49  0.000000 2021  8  8 17 31  0.000000             7           39
bako G16 G31 2021  8  8 17 48 30.000000 2021  8  8 18  9 30.000000           -31          -10
bako E30 E08 2021  8  8 14 12  0.000000 2021  8  8 18 21  0.000000             1           -9
bako E15 E03 2021  8  8 12 41  0.000000 2021  8  8 18 27  0.000000             8           49
bako E03 E08 2021  8  8 14 12  0.000000 2021  8  8 18 27  0.000000           -30           23
bako G16 G22 2021  8  8 15  8 30.000000 2021  8  8 18 30 30.000000            -1          -19
bako G22 G31 2021  8  8 18 10 30.000000 2021  8  8 18 45 30.000000           -29            9
bako G22 G31 2021  8  8 18 52  0.000000 2021  8  8 19 27  0.000000           -19           19
bako E27 E07 2021  8  8 16 43 30.000000 2021  8  8 19 37  0.000000             7          -20
bako E27 E13 2021  8  8 17 34 30.000000 2021  8  8 19 37  0.000000            -3            7
bako G27 G04 2021  8  8 17 13  0.000000 2021  8  8 20  6 30.000000            -4           -6
bako G27 G08 2021  8  8 15 44 30.000000 2021  8  8 20  6 30.000000             5            1
bako G08 G03 2021  8  8 15 47 30.000000 2021  8  8 20 20 30.000000            14          -16
bako G08 G21 2021  8  8 17 31 30.000000 2021  8  8 20 54 30.000000            -6           14
bako G22 G21 2021  8  8 17 31 30.000000 2021  8  8 21 12  0.000000           -17           13
bako E15 E30 2021  8  8 21  7  0.000000 2021  8  8 22  3 30.000000           -10           98
bako E15 E27 2021  8  8 20 30 30.000000 2021  8  8 22  3 30.000000           -14           95
bako G21 G19 2021  8  8 21 11 30.000000 2021  8  8 22 25 30.000000           -16            9
bako G04 G07 2021  8  8 20  6  0.000000 2021  8  8 22 28  0.000000           -11           16
bako G04 G17 2021  8  8 19 53  0.000000 2021  8  8 22 28  0.000000             0           26
bako G09 G04 2021  8  8 22 30  0.000000 2021  8  8 22 56 30.000000            17           30
bako E33 E30 2021  8  8 22 51 30.000000 2021  8  8 23  8  0.000000            -3          -16
bako G19 G14 2021  8  8 23  1  0.000000 2021  8  8 23 16 30.000000            12            3
bako G17 G22 2021  8  8 21 12 30.000000 2021  8  8 23 19  0.000000           -39          -18
bako G01 G22 2021  8  8 21 12 30.000000 2021  8  8 23 19  0.000000           -47            7
bako E26 E30 2021  8  8 23 11 30.000000 2021  8  8 23 31  0.000000            -4           -7
bako G01 G30 2021  8  8 21 28 30.000000 2021  8  8 23 42 30.000000            -9            5
bako G14 G19 2021  8  8 23 27  0.000000 2021  8  8 23 54  0.000000            -9          -11
bako E13 E21 2021  8  8 22 44 30.000000 2021  8  8 23 59  0.000000             2           -2
bako G03 G30 2021  8  8 21 28 30.000000 2021  8  8 23 59  0.000000           -47           -8
bako G07 G14 2021  8  8 23  1  0.000000 2021  8  8 23 59  0.000000            15           17
bako E26 E21 2021  8  8 22 44 30.000000 2021  8  8 23 59  0.000000             1            5
bako G09 G03 2021  8  8 20 21  0.000000 2021  8  8 23 59  0.000000            32           13
bako E07 E27 2021  8  8 20 30 30.000000 2021  8  8 23 59  0.000000             1           28
bako G14 G17 2021  8  8 23 47  0.000000 2021  8  8 23 59  0.000000             3          -27
bako E27 E33 2021  8  8 22 44 30.000000 2021  8  8 23 59  0.000000            -6            6
bako G09 G06 2021  8  8 22 10 30.000000 2021  8  8 23 59  0.000000            -9            3
