Single-Difference Ambiguity Constraint                      COMMENT
    SD                                                      TYPE OF CONSTRAINT
                                                            END OF HEADER
abmf E13 E31 2020  1  1  0 12 30.000000 2020  1  1  0 54 30.000000             1           -8
abmf G16 G27 2020  1  1  0  0  0.000000 2020  1  1  1 42 30.000000           -12           36
abmf G09 G27 2020  1  1  0  0  0.000000 2020  1  1  1 42 30.000000            33          -92
abmf C23 C28 2020  1  1  0  0  0.000000 2020  1  1  1 44  0.000000            29          -93
abmf C23 C37 2020  1  1  0  0  0.000000 2020  1  1  1 44  0.000000            31          -88
abmf C27 C37 2020  1  1  0  0  0.000000 2020  1  1  1 58 30.000000            12           -2
abmf C27 C30 2020  1  1  0  0  0.000000 2020  1  1  1 58 30.000000             3           29
abmf G08 G16 2020  1  1  0  0  0.000000 2020  1  1  2  9 30.000000            10          -28
abmf G23 G17 2020  1  1  1 22  0.000000 2020  1  1  2 13 30.000000            13          -12
abmf E01 E21 2020  1  1  0  0  0.000000 2020  1  1  3 15 30.000000            -3          -30
abmf E21 E12 2020  1  1  0 32 30.000000 2020  1  1  3 15 30.000000           -19           99
abmf E26 E33 2020  1  1  0  0  0.000000 2020  1  1  3 40  0.000000           -23           58
abmf G08 G03 2020  1  1  1 50  0.000000 2020  1  1  3 59 30.000000           -18           74
abmf C37 C20 2020  1  1  2 58 30.000000 2020  1  1  4 15 30.000000           -47          161
abmf G01 G07 2020  1  1  0  0  0.000000 2020  1  1  5  7 30.000000           -30          100
abmf G01 G22 2020  1  1  0  3  0.000000 2020  1  1  5  7 30.000000           -38           68
abmf G11 G28 2020  1  1  1 56 30.000000 2020  1  1  5 13 30.000000           -29           97
abmf G11 G02 2020  1  1  4 44 30.000000 2020  1  1  5 13 30.000000           -46          108
abmf G07 G30 2020  1  1  0 49 30.000000 2020  1  1  5 16  0.000000             2          -25
abmf G22 G02 2020  1  1  4 44 30.000000 2020  1  1  5 38 30.000000            -3           37
abmf E01 E33 2020  1  1  0  0  0.000000 2020  1  1  5 57 30.000000           -21           22
abmf C27 C30 2020  1  1  2  3 30.000000 2020  1  1  5 59  0.000000             3           29
abmf C27 C29 2020  1  1  2 23 30.000000 2020  1  1  5 59  0.000000           -21          112
abmf G17 G03 2020  1  1  1 50  0.000000 2020  1  1  6 33  0.000000            12          -45
abmf C30 C32 2020  1  1  2  9 30.000000 2020  1  1  6 53 30.000000           -16           42
abmf C36 C29 2020  1  1  2 23 30.000000 2020  1  1  8  2  0.000000            -6           53
abmf C36 C20 2020  1  1  2 58 30.000000 2020  1  1  8  2  0.000000           -20          100
abmf E31 E04 2020  1  1  4 19  0.000000 2020  1  1  8  6  0.000000             2           -3
abmf E31 E24 2020  1  1  3 11  0.000000 2020  1  1  8  6  0.000000            17          -68
abmf G28 G12 2020  1  1  6 45  0.000000 2020  1  1  8 17  0.000000            -2            1
abmf G19 G09 2020  1  1  4 12  0.000000 2020  1  1  8 57 30.000000            26          -18
abmf G09 G12 2020  1  1  6 45  0.000000 2020  1  1  8 57 30.000000            -4           27
abmf C20 C19 2020  1  1  4 51  0.000000 2020  1  1  9 29 30.000000             6          -22
abmf E24 E11 2020  1  1  3 31  0.000000 2020  1  1  9 46  0.000000           -23          101
abmf G17 G06 2020  1  1  2 58  0.000000 2020  1  1  9 51  0.000000            -3          -14
abmf G19 G06 2020  1  1  2 58  0.000000 2020  1  1 10 37 30.000000            27          -22
abmf C29 C36 2020  1  1  9 27 30.000000 2020  1  1 11 41  0.000000             6          -53
abmf E12 E04 2020  1  1  4 19  0.000000 2020  1  1 11 48 30.000000           -17           25
abmf C19 C22 2020  1  1  6 56 30.000000 2020  1  1 12 39  0.000000            -7           31
abmf G02 G13 2020  1  1  7 45 30.000000 2020  1  1 13 18 30.000000            14           -5
abmf C35 C22 2020  1  1  6 56 30.000000 2020  1  1 13 40  0.000000           -35           61
abmf C35 C21 2020  1  1  9 23 30.000000 2020  1  1 13 40  0.000000           -35           59
abmf G05 G13 2020  1  1  7 45 30.000000 2020  1  1 14  1  0.000000             1            6
abmf E11 E09 2020  1  1  6 33 30.000000 2020  1  1 14 13 30.000000             6          -28
abmf G05 G15 2020  1  1  8 46  0.000000 2020  1  1 14 26 30.000000             2            7
abmf G29 G32 2020  1  1 13 46  0.000000 2020  1  1 14 43  0.000000             6          -26
abmf G29 G20 2020  1  1 12 39 30.000000 2020  1  1 14 43  0.000000             3           -7
abmf C34 C26 2020  1  1 12 18 30.000000 2020  1  1 16 10 30.000000            -4          -19
abmf E36 E24 2020  1  1 11 12  0.000000 2020  1  1 16 17  0.000000             8          -62
abmf E36 E03 2020  1  1 12  5 30.000000 2020  1  1 16 17  0.000000           -18           -6
abmf G15 G12 2020  1  1 12 55  0.000000 2020  1  1 16 36  0.000000             0           -6
abmf G24 G20 2020  1  1 12 39 30.000000 2020  1  1 16 57 30.000000            -1            2
abmf G24 G25 2020  1  1 13 49 30.000000 2020  1  1 16 57 30.000000            10          -41
abmf E09 E05 2020  1  1  8 55  0.000000 2020  1  1 17  4  0.000000            -6            1
abmf G21 G10 2020  1  1 14  3 30.000000 2020  1  1 17 34  0.000000            22          -23
abmf G21 G31 2020  1  1 15 16  0.000000 2020  1  1 17 34  0.000000            20          -16
abmf E24 E25 2020  1  1 12 44 30.000000 2020  1  1 17 35  0.000000           -15           47
abmf G12 G25 2020  1  1 13 49 30.000000 2020  1  1 17 56 30.000000            13          -62
abmf G12 G29 2020  1  1 16 44 30.000000 2020  1  1 17 56 30.000000            -1          -12
abmf C21 C26 2020  1  1 12 18 30.000000 2020  1  1 19  2  0.000000            12          -91
abmf C21 C34 2020  1  1 17 56  0.000000 2020  1  1 19  2  0.000000            16          -72
abmf C26 C25 2020  1  1 16 39  0.000000 2020  1  1 19 41 30.000000             9            2
abmf G32 G10 2020  1  1 14  3 30.000000 2020  1  1 20  8 30.000000             8            4
abmf E05 E25 2020  1  1 12 44 30.000000 2020  1  1 20 12  0.000000             8          -27
abmf C14 C12 2020  1  1 17 42  0.000000 2020  1  1 22  3 30.000000            -9            0
abmf E03 E15 2020  1  1 20 58  0.000000 2020  1  1 22 35  0.000000            56         -106
abmf G22 G11 2020  1  1 22 12 30.000000 2020  1  1 22 52  0.000000            39          -19
abmf G22 G27 2020  1  1 19 24 30.000000 2020  1  1 22 52  0.000000            49          -89
abmf G14 G26 2020  1  1 16 52 30.000000 2020  1  1 22 56 30.000000            18          -44
abmf C33 C28 2020  1  1 21 39  0.000000 2020  1  1 22 59  0.000000           -11           47
abmf E30 E36 2020  1  1 19 41  0.000000 2020  1  1 23 14  0.000000            16          -25
abmf C24 C28 2020  1  1 21 39  0.000000 2020  1  1 23 35  0.000000            17         -104
abmf C24 C23 2020  1  1 19 59  0.000000 2020  1  1 23 35  0.000000           -10           25
abmf E08 E27 2020  1  1 20 40 30.000000 2020  1  1 23 59  0.000000            10          -55
abmf G27 G23 2020  1  1 20 47  0.000000 2020  1  1 23 59  0.000000           -53          130
abmf G26 G01 2020  1  1 23  1  0.000000 2020  1  1 23 59  0.000000            -3           14
abmf E07 E27 2020  1  1 20 40 30.000000 2020  1  1 23 59  0.000000            -1          -39
abmf E02 E13 2020  1  1 23  6 30.000000 2020  1  1 23 59  0.000000            -7          -10
abmf C25 C23 2020  1  1 19 59  0.000000 2020  1  1 23 59  0.000000            -8           60
abmf G31 G26 2020  1  1 16 52 30.000000 2020  1  1 23 59  0.000000            10          -49
abmf E15 E13 2020  1  1 23  6 30.000000 2020  1  1 23 59  0.000000           -47           85
abmf G31 G16 2020  1  1 17 54  0.000000 2020  1  1 23 59  0.000000             9          -54
abmf G09 G01 2020  1  1 23  1  0.000000 2020  1  1 23 59  0.000000             7          -12
abmf E02 E07 2020  1  1 19 51 30.000000 2020  1  1 23 59  0.000000             5           -3
abmf G08 G11 2020  1  1 22 12 30.000000 2020  1  1 23 59  0.000000            -6           69
abmf G23 G09 2020  1  1 21 42  0.000000 2020  1  1 23 59  0.000000            25          -41
abmf E30 E15 2020  1  1 20 58  0.000000 2020  1  1 23 59  0.000000            36          -68
