Single-Difference Ambiguity Constraint                      COMMENT
    SD                                                      TYPE OF CONSTRAINT
                                                            END OF HEADER
abmf G16 G27 2020  1  1  0  0  0.000000 2020  1  1  1 42 30.000000            -6           15   0.000
abmf C23 C27 2020  1  1  0  0  0.000000 2020  1  1  1 44  0.000000            36         -160   0.000
abmf C28 C30 2020  1  1  0  0  0.000000 2020  1  1  2  8  0.000000            -5           27   0.000
abmf G03 G16 2020  1  1  1 50  0.000000 2020  1  1  2  9 30.000000            22          -82   0.000
abmf G17 G23 2020  1  1  1 22  0.000000 2020  1  1  2 13 30.000000           -16           22   0.000
abmf G11 G23 2020  1  1  0  0  0.000000 2020  1  1  2 13 30.000000           -39          102   0.000
abmf G09 G22 2020  1  1  0  3  0.000000 2020  1  1  2 54 30.000000           -24           38   0.000
abmf G08 G09 2020  1  1  0  0  0.000000 2020  1  1  2 54 30.000000           -37          107   0.000
abmf E01 E21 2020  1  1  0  0  0.000000 2020  1  1  3 15 30.000000            -1          -36   0.000
abmf E21 E33 2020  1  1  0  0  0.000000 2020  1  1  3 15 30.000000           -21           61   0.000
abmf E01 E26 2020  1  1  0  0  0.000000 2020  1  1  3 40  0.000000             5          -44   0.000
abmf G03 G08 2020  1  1  1 50  0.000000 2020  1  1  3 59 30.000000            20          -81   0.000
abmf G01 G30 2020  1  1  0 47  0.000000 2020  1  1  5  7 30.000000           -29           78   0.000
abmf G01 G09 2020  1  1  4 12  0.000000 2020  1  1  5  7 30.000000           -24           76   0.000
abmf G07 G30 2020  1  1  0 47  0.000000 2020  1  1  5 16  0.000000             8          -47   0.000
abmf G06 G22 2020  1  1  2 58  0.000000 2020  1  1  5 38 30.000000           -28           41   0.000
abmf C19 C27 2020  1  1  4 51  0.000000 2020  1  1  5 40  0.000000            37         -172   0.000
abmf C27 C36 2020  1  1  1 52  0.000000 2020  1  1  5 40  0.000000            -1           -2   0.000
abmf C20 C36 2020  1  1  2 58 30.000000 2020  1  1  8  2  0.000000            49         -225   0.000
abmf E24 E31 2020  1  1  3 11  0.000000 2020  1  1  8  6  0.000000           -40          135   0.000
abmf E12 E31 2020  1  1  0 32 30.000000 2020  1  1  8  6  0.000000           -11            4   0.000
abmf G13 G28 2020  1  1  7 45 30.000000 2020  1  1  8 17  0.000000             2           -3   0.000
abmf E04 E33 2020  1  1  4 19  0.000000 2020  1  1  8 34 30.000000            18          -73   0.000
abmf G09 G13 2020  1  1  7 45 30.000000 2020  1  1  8 59  0.000000           -10           49   0.000
abmf G09 G19 2020  1  1  4 12  0.000000 2020  1  1  8 59  0.000000           -34           44   0.000
abmf E19 E36 2020  1  1  8 40  0.000000 2020  1  1  8 59 30.000000            11          -14   0.000
abmf C19 C30 2020  1  1  4 51  0.000000 2020  1  1  9 24 30.000000            45         -165   0.000
abmf C22 C30 2020  1  1  6 56 30.000000 2020  1  1  9 24 30.000000            55         -209   0.000
abmf E05 E24 2020  1  1  8 55  0.000000 2020  1  1  9 46  0.000000            47         -144   0.000
abmf G17 G29 2020  1  1  9 34 30.000000 2020  1  1  9 51  0.000000            -9            3   0.000
abmf G05 G17 2020  1  1  6  7 30.000000 2020  1  1  9 51  0.000000            10          -15   0.000
abmf G19 G29 2020  1  1  9 34 30.000000 2020  1  1 10 37 30.000000            23          -11   0.000
abmf G06 G12 2020  1  1  6 45  0.000000 2020  1  1 11  5  0.000000           -13           59   0.000
abmf C29 C35 2020  1  1  6 34  0.000000 2020  1  1 11 41  0.000000            22          -14   0.000
abmf G02 G06 2020  1  1  4 44 30.000000 2020  1  1 11 42 30.000000            31          -79   0.000
abmf E11 E12 2020  1  1  3 31  0.000000 2020  1  1 11 48 30.000000            27          -66   0.000
abmf E04 E11 2020  1  1  4 19  0.000000 2020  1  1 12  6 30.000000           -15           55   0.000
abmf C19 C21 2020  1  1  9 23 30.000000 2020  1  1 12 39  0.000000            -9           38   0.000
abmf G02 G05 2020  1  1  6  7 30.000000 2020  1  1 13 18 30.000000            16          -22   0.000
abmf C26 C35 2020  1  1 12 18 30.000000 2020  1  1 13 40  0.000000            22           36   0.000
abmf C22 C35 2020  1  1  6 56 30.000000 2020  1  1 13 40  0.000000            46         -109   0.000
abmf G13 G25 2020  1  1 13 49 30.000000 2020  1  1 14  0  0.000000            22          -94   0.000
abmf G13 G24 2020  1  1 10 45  0.000000 2020  1  1 14  0  0.000000            10          -47   0.000
abmf E11 E25 2020  1  1 12 44 30.000000 2020  1  1 14 13 30.000000            18          -83   0.000
abmf C34 C36 2020  1  1 11 43 30.000000 2020  1  1 14 21  0.000000            16          -83   0.000
abmf G12 G29 2020  1  1 13  0 30.000000 2020  1  1 14 43  0.000000            -1          -14   0.000
abmf C26 C34 2020  1  1 12 18 30.000000 2020  1  1 16 10 30.000000             6           10   0.000
abmf E09 E36 2020  1  1  8 40  0.000000 2020  1  1 16 17  0.000000            12          -20   0.000
abmf E03 E36 2020  1  1 12  5 30.000000 2020  1  1 16 17  0.000000            20            1   0.000
abmf G15 G32 2020  1  1 13 46  0.000000 2020  1  1 16 36  0.000000            10          -60   0.000
abmf G15 G21 2020  1  1 11 43  0.000000 2020  1  1 16 36  0.000000            -8          -20   0.000
abmf G24 G32 2020  1  1 13 46  0.000000 2020  1  1 16 57 30.000000             0          -10   0.000
abmf E09 E24 2020  1  1 11 12  0.000000 2020  1  1 17  4  0.000000            42         -147   0.000
abmf G20 G21 2020  1  1 12 36 30.000000 2020  1  1 17 34  0.000000           -11            8   0.000
abmf E05 E24 2020  1  1 11 12  0.000000 2020  1  1 17 35  0.000000            47         -144   0.000
abmf G12 G29 2020  1  1 16 44 30.000000 2020  1  1 17 56 30.000000            -1          -14   0.000
abmf C21 C25 2020  1  1 16 39  0.000000 2020  1  1 19  2  0.000000            30         -129   0.000
abmf G14 G20 2020  1  1 15 27  0.000000 2020  1  1 19  5  0.000000            -1           13   0.000
abmf C26 C34 2020  1  1 17 56  0.000000 2020  1  1 19 41 30.000000             6           10   0.000
abmf G10 G14 2020  1  1 15 27  0.000000 2020  1  1 20  0  0.000000           -15           19   0.000
abmf G10 G22 2020  1  1 18 26  0.000000 2020  1  1 20  0  0.000000           -32           14   0.000
abmf C11 C14 2020  1  1 18 55  0.000000 2020  1  1 22  3 30.000000           -28          109   0.000
abmf E03 E30 2020  1  1 17 13 30.000000 2020  1  1 22 35  0.000000            20          -38   0.000
abmf G22 G23 2020  1  1 20 47  0.000000 2020  1  1 22 52  0.000000            -4           42   0.000
abmf C11 C12 2020  1  1 18 55  0.000000 2020  1  1 22 55 30.000000           -35           99   0.000
abmf G09 G14 2020  1  1 21 42  0.000000 2020  1  1 22 56 30.000000           -13           34   0.000
abmf C24 C33 2020  1  1 16 32  0.000000 2020  1  1 22 59  0.000000            64         -307   0.000
abmf C23 C33 2020  1  1 20  0 30.000000 2020  1  1 22 59  0.000000            85         -380   0.000
abmf E07 E36 2020  1  1 19 51 30.000000 2020  1  1 23 14  0.000000            16          -51   0.000
abmf E02 E36 2020  1  1 19 41  0.000000 2020  1  1 23 14  0.000000            24          -63   0.000
abmf C24 C25 2020  1  1 16 39  0.000000 2020  1  1 23 35  0.000000             3          -57   0.000
abmf G27 G31 2020  1  1 19 24 30.000000 2020  1  1 23 59  0.000000           -35          137   0.000
abmf G16 G27 2020  1  1 19 24 30.000000 2020  1  1 23 59  0.000000            25          -79   0.000
abmf E02 E08 2020  1  1 17 11  0.000000 2020  1  1 23 59  0.000000            -7           16   0.000
abmf G08 G11 2020  1  1 22 12 30.000000 2020  1  1 23 59  0.000000           -14           97   0.000
abmf G16 G26 2020  1  1 17 54  0.000000 2020  1  1 23 59  0.000000            10          -26   0.000
abmf G11 G26 2020  1  1 22 12 30.000000 2020  1  1 23 59  0.000000             1          -39   0.000
abmf G23 G31 2020  1  1 20 47  0.000000 2020  1  1 23 59  0.000000            27          -24   0.000
abmf E07 E27 2020  1  1 20 40 30.000000 2020  1  1 23 59  0.000000            -2          -35   0.000
abmf G01 G09 2020  1  1 23  1  0.000000 2020  1  1 23 59  0.000000            -9           20   0.000
abmf E27 E30 2020  1  1 20 40 30.000000 2020  1  1 23 59  0.000000             0           14   0.000
abmf C23 C28 2020  1  1 21 39  0.000000 2020  1  1 23 59  0.000000            47         -215   0.000
