Single-Difference Ambiguity Constraint                      COMMENT
    SD                                                      TYPE OF CONSTRAINT
                                                            END OF HEADER
ccj2 G03 G30 2021  7 29  0  0  0.000000 2021  7 29  0 53 30.000000           -60          -31
ccj2 G03 G22 2021  7 29  0  0  0.000000 2021  7 29  0 59 30.000000           -27           17
ccj2 E01 E26 2021  7 29  0  0  0.000000 2021  7 29  0 59 30.000000            -4           22
ccj2 E26 E33 2021  7 29  0  0  0.000000 2021  7 29  0 59 30.000000            -9           12
ccj2 G08 G21 2021  7 29  0  0  0.000000 2021  7 29  0 59 30.000000           -43            2
ccj2 G14 G21 2021  7 29  0  0  0.000000 2021  7 29  0 59 30.000000            50           68
ccj2 G01 G22 2021  7 29  0  0  0.000000 2021  7 29  0 59 30.000000            15           28
ccj2 E01 E31 2021  7 29  0  0  0.000000 2021  7 29  0 59 30.000000            -3           13
ccj2 E31 E19 2021  7 29  0 14 30.000000 2021  7 29  0 59 30.000000            94           94
ccj2 E19 E24 2021  7 29  0 31 30.000000 2021  7 29  0 59 30.000000           -97          -83
ccj2 E12 E33 2021  7 29  0  0  0.000000 2021  7 29  0 59 30.000000           -10           11
ccj2 G01 G14 2021  7 29  0  0  0.000000 2021  7 29  0 59 30.000000           -58          -11
