ccj2                                                        STATION
Kinematic   10.000000 10.000000 10.000000                   POS MODE/PRIORI (meter)
YES                                                         OBS STRICT EDITING
2021  7 29  0  0  0.00                                      OBS FIRST EPOCH
2021  7 29  0 59 30.00                                      OBS LAST EPOCH
   30.00                                                    OBS INTERVAL (sec)
    7.00                                                    OBS MASK ANGLE (deg)
    0.30                                                    MEASUREMENT NOISE PSEUDORANGE (1-SIGMA, meter)
    0.01                                                    MEASUREMENT NOISE CARRIER PHASE (1-SIGMA, cycle)
WUM0MGXRAP_20212100000_01D_01M_ORB.SP3.gz                   SAT ORBIT
WUM0MGXRAP_20212100000_01D_30S_CLK.CLK.gz                   SAT CLOCK
WUM0MGXRAP_20212100000_01D_01D_ABS.BIA.gz                   SAT BIAS
WUM0MGXRAP_20212100000_01D_30S_ATT.OBX.gz                   SAT ATTITUDE
WUM0MGXRAP_20212100000_01D_01D_ERP.ERP.gz                   TABLE ERP
IGS14_2148                                                  TABLE ANTEX
PWC:60                                                      TROP ZENITH
NON                                                         TROP GRADIENT
NO                                                          IONO 2ND
SOLID  POLE OCEAN                                           TIDES
YES  GPS     6  GAL     6  BDS2    0  BDS3    0  QZSS    0  AMB FIXING
  600.00                                                    AMB DURATION (sec)
   15.00                                                    AMB CUTOFF (deg)
    0.20    0.15 1000.00                                    AMB WIDELANE
    0.15    0.15 1000.00                                    AMB NARROWLANE
    2       4       1.80    3.00                            AMB SEARCH
Start Field Description                                     COMMENT
Mjd                                                         MODIFIED JULIAN DAY
Sod                                                         SECOND OF DAY
X                                                           X COORDINATE (meter)
Y                                                           Y COORDINATE (meter)
Z                                                           Z COORDINATE (meter)
Latitude                                                    LATITUDE OF WGS-84 ELLIPSOID (deg)
Longitude                                                   LONGITUDE OF WGS-84 ELLIPSOID (deg)
Height                                                      HEIGHT OF WGS-84 ELLIPSOID (meter)
Nsat/GREC2C3J                                               NUMBER OF AVAIABLE SATELLITES (ALL/GPS/GLONASS/Galileo/BDS-2/BDS-3/QZSS)
PDOP                                                        POSITION DILUTION OF PRECISION
End Field Description                                       COMMENT
                                                            END OF HEADER
* Mjd       Sod              X            Y            Z        Latitude       Longitude       Height            Nsat/GREC2C3J   PDOP
59424      0.00   -4490605.128  3483895.093  2884928.343   27.0675328606  142.1950239107      104.264     17 09 03 05 00 00 00   1.35
59424     30.00   -4490605.127  3483895.090  2884928.341   27.0675328545  142.1950239237      104.261     18 10 03 05 00 00 00   1.27
59424     60.00   -4490605.127  3483895.093  2884928.349   27.0675329106  142.1950239030      104.266     18 10 03 05 00 00 00   1.26
59424     90.00   -4490605.125  3483895.090  2884928.346   27.0675329011  142.1950239182      104.261     18 10 03 05 00 00 00   1.26
59424    120.00   -4490605.136  3483895.098  2884928.348   27.0675328643  142.1950239232      104.274     17 09 03 05 00 00 00   1.35
59424    150.00   -4490605.131  3483895.092  2884928.347   27.0675328807  142.1950239355      104.267     18 10 03 05 00 00 00   1.26
59424    180.00   -4490605.125  3483895.095  2884928.346   27.0675328869  142.1950238788      104.264     18 10 03 05 00 00 00   1.26
59424    210.00   -4490605.132  3483895.099  2884928.343   27.0675328313  142.1950238882      104.269     18 10 03 05 00 00 00   1.26
59424    240.00   -4490605.140  3483895.108  2884928.353   27.0675328667  142.1950238633      104.285     18 10 03 05 00 00 00   1.26
59424    270.00   -4490605.153  3483895.117  2884928.358   27.0675328390  142.1950238677      104.301     18 10 03 05 00 00 00   1.26
59424    300.00   -4490605.145  3483895.111  2884928.354   27.0675328477  142.1950238650      104.291     18 10 03 05 00 00 00   1.26
59424    330.00   -4490605.136  3483895.107  2884928.348   27.0675328355  142.1950238453      104.279     18 10 03 05 00 00 00   1.25
59424    360.00   -4490605.141  3483895.104  2884928.349   27.0675328358  142.1950239002      104.282     18 10 03 05 00 00 00   1.25
59424    390.00   -4490605.155  3483895.115  2884928.355   27.0675328124  142.1950238985      104.300     18 10 03 05 00 00 00   1.25
59424    420.00   -4490605.143  3483895.105  2884928.361   27.0675329247  142.1950239066      104.289     18 10 03 05 00 00 00   1.25
59424    450.00   -4490605.138  3483895.105  2884928.356   27.0675329037  142.1950238737      104.283     18 10 03 05 00 00 00   1.25
59424    480.00   -4490605.120  3483895.089  2884928.350   27.0675329479  142.1950238942      104.259     18 10 03 05 00 00 00   1.25
59424    510.00   -4490605.120  3483895.092  2884928.353   27.0675329713  142.1950238699      104.262     18 10 03 05 00 00 00   1.25
59424    540.00   -4490605.121  3483895.092  2884928.349   27.0675329291  142.1950238719      104.261     18 10 03 05 00 00 00   1.25
59424    570.00   -4490605.115  3483895.088  2884928.353   27.0675329935  142.1950238733      104.257     18 10 03 05 00 00 00   1.24
59424    600.00   -4490605.117  3483895.089  2884928.354   27.0675329905  142.1950238722      104.259     18 10 03 05 00 00 00   1.24
59424    630.00   -4490605.110  3483895.082  2884928.351   27.0675330122  142.1950238831      104.249     18 10 03 05 00 00 00   1.24
59424    660.00   -4490605.104  3483895.077  2884928.345   27.0675329923  142.1950238918      104.239     18 10 03 05 00 00 00   1.24
59424    690.00   -4490605.108  3483895.080  2884928.347   27.0675329935  142.1950238905      104.244     18 10 03 05 00 00 00   1.24
59424    720.00   -4490605.102  3483895.076  2884928.347   27.0675330205  142.1950238872      104.238     18 10 03 05 00 00 00   1.24
59424    750.00   -4490605.105  3483895.079  2884928.345   27.0675329869  142.1950238806      104.241     18 10 03 05 00 00 00   1.24
59424    780.00   -4490605.105  3483895.086  2884928.346   27.0675329736  142.1950238215      104.245     18 10 03 05 00 00 00   1.23
59424    810.00   -4490605.089  3483895.073  2884928.343   27.0675330368  142.1950238326      104.225     18 10 03 05 00 00 00   1.23
59424    840.00   -4490605.100  3483895.084  2884928.345   27.0675329908  142.1950238067      104.240     18 10 03 05 00 00 00   1.23
59424    870.00   -4490605.093  3483895.072  2884928.336   27.0675329664  142.1950238568      104.224     19 10 03 06 00 00 00   1.16
59424    900.00   -4490605.109  3483895.087  2884928.346   27.0675329560  142.1950238452      104.248     19 10 03 06 00 00 00   1.16
59424    930.00   -4490605.108  3483895.087  2884928.343   27.0675329387  142.1950238334      104.247     19 10 03 06 00 00 00   1.16
59424    960.00   -4490605.107  3483895.088  2884928.344   27.0675329488  142.1950238211      104.247     19 10 03 06 00 00 00   1.16
59424    990.00   -4490605.112  3483895.092  2884928.348   27.0675329528  142.1950238202      104.254     19 10 03 06 00 00 00   1.16
59424   1020.00   -4490605.117  3483895.092  2884928.350   27.0675329487  142.1950238488      104.259     19 10 03 06 00 00 00   1.16
59424   1050.00   -4490605.100  3483895.090  2884928.343   27.0675329583  142.1950237621      104.242     19 10 03 06 00 00 00   1.16
59424   1080.00   -4490605.103  3483895.084  2884928.347   27.0675329990  142.1950238249      104.243     19 10 03 06 00 00 00   1.16
59424   1110.00   -4490605.107  3483895.088  2884928.352   27.0675330079  142.1950238180      104.250     19 10 03 06 00 00 00   1.16
59424   1140.00   -4490605.102  3483895.079  2884928.345   27.0675329916  142.1950238575      104.239     19 10 03 06 00 00 00   1.16
59424   1170.00   -4490605.090  3483895.068  2884928.336   27.0675329913  142.1950238680      104.220     19 10 03 06 00 00 00   1.16
59424   1200.00   -4490605.110  3483895.076  2884928.341   27.0675329420  142.1950239367      104.241     19 10 03 06 00 00 00   1.16
59424   1230.00   -4490605.100  3483895.071  2884928.343   27.0675330086  142.1950239115      104.232     19 10 03 06 00 00 00   1.16
59424   1260.00   -4490605.102  3483895.074  2884928.344   27.0675330009  142.1950238995      104.236     19 10 03 06 00 00 00   1.16
59424   1290.00   -4490605.094  3483895.068  2884928.344   27.0675330362  142.1950238966      104.227     18 09 03 06 00 00 00   1.23
59424   1320.00   -4490605.111  3483895.069  2884928.353   27.0675330589  142.1950239976      104.243     19 10 03 06 00 00 00   1.16
59424   1350.00   -4490605.109  3483895.067  2884928.353   27.0675330694  142.1950240000      104.241     19 10 03 06 00 00 00   1.16
59424   1380.00   -4490605.110  3483895.070  2884928.350   27.0675330342  142.1950239797      104.241     19 10 03 06 00 00 00   1.16
59424   1410.00   -4490605.102  3483895.069  2884928.350   27.0675330575  142.1950239450      104.236     19 10 03 06 00 00 00   1.16
59424   1440.00   -4490605.115  3483895.080  2884928.349   27.0675329824  142.1950239318      104.250     18 09 03 06 00 00 00   1.23
59424   1470.00   -4490605.113  3483895.072  2884928.346   27.0675329836  142.1950239846      104.243     19 10 03 06 00 00 00   1.16
59424   1500.00   -4490605.113  3483895.070  2884928.345   27.0675329818  142.1950239990      104.241     19 10 03 06 00 00 00   1.16
59424   1530.00   -4490605.103  3483895.065  2884928.346   27.0675330337  142.1950239740      104.232     19 10 03 06 00 00 00   1.16
59424   1560.00   -4490605.105  3483895.066  2884928.346   27.0675330277  142.1950239782      104.234     19 10 03 06 00 00 00   1.16
59424   1590.00   -4490605.118  3483895.078  2884928.352   27.0675330016  142.1950239659      104.253     19 10 03 06 00 00 00   1.16
59424   1620.00   -4490605.133  3483895.077  2884928.353   27.0675329602  142.1950240697      104.263     18 09 03 06 00 00 00   1.23
59424   1650.00   -4490605.134  3483895.086  2884928.356   27.0675329635  142.1950240017      104.270     18 09 03 06 00 00 00   1.23
59424   1680.00   -4490605.124  3483895.089  2884928.359   27.0675330121  142.1950239220      104.266     18 09 03 06 00 00 00   1.23
59424   1710.00   -4490605.128  3483895.079  2884928.360   27.0675330278  142.1950240247      104.264     18 09 03 06 00 00 00   1.23
59424   1740.00   -4490605.145  3483895.097  2884928.370   27.0675330099  142.1950239802      104.290     18 09 03 06 00 00 00   1.23
59424   1770.00   -4490605.143  3483895.095  2884928.363   27.0675329647  142.1950239868      104.284     18 09 03 06 00 00 00   1.23
59424   1800.00   -4490605.133  3483895.087  2884928.363   27.0675330158  142.1950239880      104.273     18 09 03 06 00 00 00   1.23
59424   1830.00   -4490605.136  3483895.086  2884928.367   27.0675330458  142.1950240102      104.277     18 09 03 06 00 00 00   1.23
59424   1860.00   -4490605.115  3483895.078  2884928.362   27.0675330912  142.1950239510      104.255     18 09 03 06 00 00 00   1.23
59424   1890.00   -4490605.128  3483895.082  2884928.357   27.0675330046  142.1950239950      104.264     19 09 03 07 00 00 00   1.20
59424   1920.00   -4490605.144  3483895.088  2884928.358   27.0675329356  142.1950240451      104.279     20 09 04 07 00 00 00   1.14
59424   1950.00   -4490605.134  3483895.088  2884928.346   27.0675328735  142.1950239843      104.267     20 09 04 07 00 00 00   1.14
59424   1980.00   -4490605.128  3483895.080  2884928.340   27.0675328644  142.1950240155      104.255     20 09 04 07 00 00 00   1.15
59424   2010.00   -4490605.128  3483895.080  2884928.345   27.0675329061  142.1950240134      104.257     20 09 04 07 00 00 00   1.15
59424   2040.00   -4490605.114  3483895.068  2884928.335   27.0675329037  142.1950240243      104.236     20 09 04 07 00 00 00   1.15
59424   2070.00   -4490605.119  3483895.068  2884928.338   27.0675329116  142.1950240522      104.242     20 09 04 07 00 00 00   1.15
59424   2100.00   -4490605.121  3483895.071  2884928.340   27.0675329096  142.1950240426      104.245     20 09 04 07 00 00 00   1.15
59424   2130.00   -4490605.101  3483895.057  2884928.327   27.0675329094  142.1950240291      104.217     20 09 04 07 00 00 00   1.15
59424   2160.00   -4490605.113  3483895.068  2884928.328   27.0675328547  142.1950240162      104.232     20 09 04 07 00 00 00   1.15
59424   2190.00   -4490605.112  3483895.066  2884928.314   27.0675327490  142.1950240268      104.225     20 09 04 07 00 00 00   1.15
59424   2220.00   -4490605.136  3483895.085  2884928.313   27.0675326077  142.1950240219      104.251     20 09 04 07 00 00 00   1.15
59424   2250.00   -4490605.161  3483895.102  2884928.329   27.0675326170  142.1950240406      104.286     20 09 04 07 00 00 00   1.16
59424   2280.00   -4490605.175  3483895.111  2884928.336   27.0675326007  142.1950240538      104.304     20 09 04 07 00 00 00   1.16
59424   2310.00   -4490605.163  3483895.098  2884928.330   27.0675326261  142.1950240867      104.284     20 09 04 07 00 00 00   1.16
59424   2340.00   -4490605.149  3483895.094  2884928.318   27.0675325847  142.1950240310      104.268     20 09 04 07 00 00 00   1.16
59424   2370.00   -4490605.150  3483895.097  2884928.318   27.0675325756  142.1950240104      104.270     20 09 04 07 00 00 00   1.16
59424   2400.00   -4490605.144  3483895.107  2884928.318   27.0675325690  142.1950238959      104.271     20 09 04 07 00 00 00   1.16
59424   2430.00   -4490605.151  3483895.111  2884928.315   27.0675325116  142.1950239015      104.277     21 09 05 07 00 00 00   1.12
59424   2460.00   -4490605.156  3483895.121  2884928.324   27.0675325397  142.1950238593      104.290     21 09 05 07 00 00 00   1.12
59424   2490.00   -4490605.148  3483895.118  2884928.322   27.0675325581  142.1950238387      104.282     21 09 05 07 00 00 00   1.12
59424   2520.00   -4490605.147  3483895.115  2884928.322   27.0675325720  142.1950238452      104.279     21 09 05 07 00 00 00   1.12
59424   2550.00   -4490605.147  3483895.109  2884928.330   27.0675326537  142.1950239028      104.280     21 09 05 07 00 00 00   1.12
59424   2580.00   -4490605.140  3483895.101  2884928.335   27.0675327372  142.1950239175      104.273     21 09 05 07 00 00 00   1.12
59424   2610.00   -4490605.138  3483895.099  2884928.333   27.0675327309  142.1950239217      104.270     21 09 05 07 00 00 00   1.12
59424   2640.00   -4490605.130  3483895.085  2884928.331   27.0675327716  142.1950239884      104.255     21 09 05 07 00 00 00   1.13
59424   2670.00   -4490605.129  3483895.088  2884928.333   27.0675327895  142.1950239556      104.257     21 09 05 07 00 00 00   1.13
59424   2700.00   -4490605.136  3483895.089  2884928.334   27.0675327707  142.1950239938      104.263     21 09 05 07 00 00 00   1.13
59424   2730.00   -4490605.133  3483895.080  2884928.327   27.0675327456  142.1950240400      104.253     21 09 05 07 00 00 00   1.13
59424   2760.00   -4490605.135  3483895.081  2884928.329   27.0675327513  142.1950240494      104.255     21 09 05 07 00 00 00   1.13
59424   2790.00   -4490605.135  3483895.074  2884928.330   27.0675327806  142.1950241089      104.252     21 09 05 07 00 00 00   1.13
59424   2820.00   -4490605.114  3483895.073  2884928.334   27.0675328804  142.1950239806      104.239     21 09 05 07 00 00 00   1.13
59424   2850.00   -4490605.100  3483895.064  2884928.322   27.0675328505  142.1950239693      104.219     21 09 05 07 00 00 00   1.13
59424   2880.00   -4490605.110  3483895.063  2884928.321   27.0675328116  142.1950240404      104.224     20 08 05 07 00 00 00   1.18
59424   2910.00   -4490605.104  3483895.049  2884928.314   27.0675328104  142.1950241097      104.209     21 09 05 07 00 00 00   1.13
59424   2940.00   -4490605.109  3483895.051  2884928.312   27.0675327790  142.1950241215      104.213     21 09 05 07 00 00 00   1.13
59424   2970.00   -4490605.125  3483895.062  2884928.320   27.0675327606  142.1950241339      104.234     21 09 05 07 00 00 00   1.13
59424   3000.00   -4490605.113  3483895.066  2884928.317   27.0675327689  142.1950240310      104.227     20 08 05 07 00 00 00   1.18
59424   3030.00   -4490605.107  3483895.060  2884928.322   27.0675328451  142.1950240354      104.221     21 09 05 07 00 00 00   1.13
59424   3060.00   -4490605.094  3483895.055  2884928.319   27.0675328716  142.1950240039      104.208     21 09 05 07 00 00 00   1.13
59424   3090.00   -4490605.086  3483895.045  2884928.323   27.0675329566  142.1950240298      104.199     21 09 05 07 00 00 00   1.13
59424   3120.00   -4490605.076  3483895.048  2884928.322   27.0675329687  142.1950239476      104.193     20 09 04 07 00 00 00   1.18
59424   3150.00   -4490605.074  3483895.053  2884928.318   27.0675329356  142.1950238907      104.192     21 09 05 07 00 00 00   1.13
59424   3180.00   -4490605.092  3483895.062  2884928.329   27.0675329409  142.1950239336      104.215     21 09 05 07 00 00 00   1.13
59424   3210.00   -4490605.082  3483895.053  2884928.326   27.0675329669  142.1950239449      104.202     21 09 05 07 00 00 00   1.13
59424   3240.00   -4490605.064  3483895.065  2884928.317   27.0675329276  142.1950237363      104.192     19 08 04 07 00 00 00   1.23
59424   3270.00   -4490605.082  3483895.066  2884928.326   27.0675329396  142.1950238436      104.209     18 07 04 07 00 00 00   1.33
59424   3300.00   -4490605.047  3483895.054  2884928.313   27.0675329798  142.1950237188      104.172     18 07 04 07 00 00 00   1.33
59424   3330.00   -4490605.069  3483895.056  2884928.330   27.0675330429  142.1950238379      104.196     18 07 04 07 00 00 00   1.34
59424   3360.00   -4490605.064  3483895.050  2884928.329   27.0675330628  142.1950238557      104.188     18 07 04 07 00 00 00   1.34
59424   3390.00   -4490605.076  3483895.055  2884928.326   27.0675329879  142.1950238861      104.199     18 07 04 07 00 00 00   1.34
59424   3420.00   -4490605.070  3483895.068  2884928.323   27.0675329450  142.1950237481      104.200     18 07 04 07 00 00 00   1.34
59424   3450.00   -4490605.063  3483895.059  2884928.322   27.0675329886  142.1950237800      104.190     18 07 04 07 00 00 00   1.35
59424   3480.00   -4490605.079  3483895.067  2884928.332   27.0675329985  142.1950238106      104.210     18 07 04 07 00 00 00   1.35
59424   3510.00   -4490605.075  3483895.072  2884928.328   27.0675329593  142.1950237474      104.208     18 07 04 07 00 00 00   1.35
59424   3540.00   -4490605.077  3483895.068  2884928.327   27.0675329553  142.1950237940      104.207     18 07 04 07 00 00 00   1.36
59424   3570.00   -4490605.080  3483895.064  2884928.331   27.0675329906  142.1950238441      104.208     18 07 04 07 00 00 00   1.36
