abmf G01              1.922091            -24.003644  58849.0000000000  58849.0413194444   0.0034   0.0213  40.8
abmf G07              5.131959             13.188791  58849.0000000000  58849.0413194444   0.0037   0.0179  31.2
abmf G08              0.660397            -35.925478  58849.0000000000  58849.0413194444   0.0032   0.0160  55.5
abmf G09             13.814408              1.100579  58849.0000000000  58849.0413194444   0.0036   0.0388  32.6
abmf G11             -6.704116            -20.820935  58849.0000000000  58849.0413194444   0.0024   0.0128  62.3
abmf G16             -2.816649            -37.832395  58849.0000000000  58849.0413194444   0.0070   0.0275  20.7
abmf G23             13.271569             18.152486  58849.0000000000  58849.0413194444   0.0040   0.0240  32.6
abmf G26              4.089391            -48.895531  58849.0000000000  58849.0270833333   0.0127   0.0662   9.9
abmf G27              0.657253            -31.871411  58849.0000000000  58849.0413194444   0.0045   0.0267  29.4
abmf E01            -17.994327            -51.232498  58849.0000000000  58849.0413194444   0.0025   0.0091  44.2
abmf E04              0.082112             -6.286387  58849.0000000000  58849.0413194444   0.0050   0.0217  17.5
abmf E19              1.857916             -9.358570  58849.0000000000  58849.0413194444   0.0061   0.0211  18.3
abmf E21              4.285965            -50.258648  58849.0000000000  58849.0413194444   0.0022   0.0116  39.0
abmf E26             -1.256064            -56.208348  58849.0000000000  58849.0413194444   0.0020   0.0090  64.0
abmf E33              4.790041            -29.270270  58849.0000000000  58849.0413194444   0.0019   0.0088  54.8
abmf C23              7.273280              5.140512  58849.0000000000  58849.0413194444   0.0037   0.0133  35.1
abmf C27              9.452533            -30.907652  58849.0000000000  58849.0413194444   0.0033   0.0084  74.0
abmf C28            -10.633122            -43.927746  58849.0000000000  58849.0413194444   0.0030   0.0130  41.3
abmf C30            -13.622709            -38.886098  58849.0000000000  58849.0413194444   0.0049   0.0285  24.6
abmf G22             40.046618             25.242729  58849.0020833333  58849.0413194444   0.0107   0.0294  10.3
abmf E31             -4.173620            -12.177510  58849.0086805556  58849.0413194444   0.0148   0.0462  11.3
abmf E12            -20.694721            -23.171918  58849.0225694444  58849.0413194444   0.0108   0.0244  11.3
abmf G30             15.873101              5.189418  58849.0326388889  58849.0413194444   0.0177   0.0894   9.5
