Receiver Clock                                              COMMENT
    30.00                                                   INTERVAL
                                                            END OF HEADER
abmf 2020  1  1  0  0  0.000000    -13747.280211     -2.206124
abmf 2020  1  1  0  0 30.000000    -13747.280211     -1.055288
abmf 2020  1  1  0  1  0.000000    -13747.280211     -1.230620
abmf 2020  1  1  0  1 30.000000    -13747.280211     -0.916975
abmf 2020  1  1  0  2  0.000000    -13747.280211     -2.647591
abmf 2020  1  1  0  2 30.000000    -13747.280211     -2.543973
abmf 2020  1  1  0  3  0.000000    -13747.280211     -1.992653
abmf 2020  1  1  0  3 30.000000    -13747.280211     -2.084533
abmf 2020  1  1  0  4  0.000000    -13747.280211     -2.258584
abmf 2020  1  1  0  4 30.000000    -13747.280211     -1.212437
abmf 2020  1  1  0  5  0.000000    -13747.280211     -2.420562
abmf 2020  1  1  0  5 30.000000    -13747.280211     -2.215787
abmf 2020  1  1  0  6  0.000000    -13747.280211     -2.270634
abmf 2020  1  1  0  6 30.000000    -13747.280211     -2.171738
abmf 2020  1  1  0  7  0.000000    -13747.280211     -1.629512
abmf 2020  1  1  0  7 30.000000    -13747.280211     -2.391429
abmf 2020  1  1  0  8  0.000000    -13747.280211     -1.993301
abmf 2020  1  1  0  8 30.000000    -13747.280211     -2.011316
abmf 2020  1  1  0  9  0.000000    -13747.280211     -2.028409
abmf 2020  1  1  0  9 30.000000    -13747.280211     -2.595322
abmf 2020  1  1  0 10  0.000000    -13747.280211     -2.319372
abmf 2020  1  1  0 10 30.000000    -13747.280211     -1.971585
abmf 2020  1  1  0 11  0.000000    -13747.280211     -1.842090
abmf 2020  1  1  0 11 30.000000    -13747.280211     -1.319550
abmf 2020  1  1  0 12  0.000000    -13747.280211     -2.017339
abmf 2020  1  1  0 12 30.000000    -13747.280211     -1.948178
abmf 2020  1  1  0 13  0.000000    -13747.280211     -2.541889
abmf 2020  1  1  0 13 30.000000    -13747.280211     -2.259060
abmf 2020  1  1  0 14  0.000000    -13747.280211     -2.196741
abmf 2020  1  1  0 14 30.000000    -13747.280211     -1.642218
abmf 2020  1  1  0 15  0.000000    -13747.280211     -1.504131
abmf 2020  1  1  0 15 30.000000    -13747.280211     -1.958630
abmf 2020  1  1  0 16  0.000000    -13747.280211     -2.371463
abmf 2020  1  1  0 16 30.000000    -13747.280211     -2.010521
abmf 2020  1  1  0 17  0.000000    -13747.280211     -2.051696
abmf 2020  1  1  0 17 30.000000    -13747.280211     -1.832734
abmf 2020  1  1  0 18  0.000000    -13747.280211     -1.952048
abmf 2020  1  1  0 18 30.000000    -13747.280211     -1.890088
abmf 2020  1  1  0 19  0.000000    -13747.280211     -2.373579
abmf 2020  1  1  0 19 30.000000    -13747.280211     -1.828362
abmf 2020  1  1  0 20  0.000000    -13747.280211     -2.067372
abmf 2020  1  1  0 20 30.000000    -13747.280211     -2.046604
abmf 2020  1  1  0 21  0.000000    -13747.280211     -2.094092
abmf 2020  1  1  0 21 30.000000    -13747.280211     -2.372443
abmf 2020  1  1  0 22  0.000000    -13747.280211     -1.871897
abmf 2020  1  1  0 22 30.000000    -13747.280211     -2.021588
abmf 2020  1  1  0 23  0.000000    -13747.280211     -1.589129
abmf 2020  1  1  0 23 30.000000    -13747.280211     -1.435651
abmf 2020  1  1  0 24  0.000000    -13747.280211     -2.014149
abmf 2020  1  1  0 24 30.000000    -13747.280211     -2.148558
abmf 2020  1  1  0 25  0.000000    -13747.280211     -1.977422
abmf 2020  1  1  0 25 30.000000    -13747.280211     -2.206185
abmf 2020  1  1  0 26  0.000000    -13747.280211     -1.893771
abmf 2020  1  1  0 26 30.000000    -13747.280211     -2.195685
abmf 2020  1  1  0 27  0.000000    -13747.280211     -1.668538
abmf 2020  1  1  0 27 30.000000    -13747.280211     -2.292924
abmf 2020  1  1  0 28  0.000000    -13747.280211     -1.508030
abmf 2020  1  1  0 28 30.000000    -13747.280211     -1.427500
abmf 2020  1  1  0 29  0.000000    -13747.280211     -2.046028
abmf 2020  1  1  0 29 30.000000    -13747.280211     -1.619819
abmf 2020  1  1  0 30  0.000000    -13747.280211     -1.642239
abmf 2020  1  1  0 30 30.000000    -13747.280211     -2.265648
abmf 2020  1  1  0 31  0.000000    -13747.280211     -2.188386
abmf 2020  1  1  0 31 30.000000    -13747.280211     -2.519156
abmf 2020  1  1  0 32  0.000000    -13747.280211     -2.814983
abmf 2020  1  1  0 32 30.000000    -13747.280211     -2.381741
abmf 2020  1  1  0 33  0.000000    -13747.280211     -1.725330
abmf 2020  1  1  0 33 30.000000    -13747.280211     -1.868650
abmf 2020  1  1  0 34  0.000000    -13747.280211     -2.547576
abmf 2020  1  1  0 34 30.000000    -13747.280211     -1.949379
abmf 2020  1  1  0 35  0.000000    -13747.280211     -1.934268
abmf 2020  1  1  0 35 30.000000    -13747.280211     -1.581311
abmf 2020  1  1  0 36  0.000000    -13747.280211     -1.847530
abmf 2020  1  1  0 36 30.000000    -13747.280211     -1.948445
abmf 2020  1  1  0 37  0.000000    -13747.280211     -1.761612
abmf 2020  1  1  0 37 30.000000    -13747.280211     -2.033793
abmf 2020  1  1  0 38  0.000000    -13747.280211     -1.506614
abmf 2020  1  1  0 38 30.000000    -13747.280211     -1.608422
abmf 2020  1  1  0 39  0.000000    -13747.280211     -1.995275
abmf 2020  1  1  0 39 30.000000    -13747.280211     -2.453416
abmf 2020  1  1  0 40  0.000000    -13747.280211     -1.638748
abmf 2020  1  1  0 40 30.000000    -13747.280211     -2.063432
abmf 2020  1  1  0 41  0.000000    -13747.280211     -1.914784
abmf 2020  1  1  0 41 30.000000    -13747.280211     -1.637253
abmf 2020  1  1  0 42  0.000000    -13747.280211     -1.796446
abmf 2020  1  1  0 42 30.000000    -13747.280211     -2.341556
abmf 2020  1  1  0 43  0.000000    -13747.280211     -2.239723
abmf 2020  1  1  0 43 30.000000    -13747.280211     -2.604260
abmf 2020  1  1  0 44  0.000000    -13747.280211     -1.982544
abmf 2020  1  1  0 44 30.000000    -13747.280211     -1.698250
abmf 2020  1  1  0 45  0.000000    -13747.280211     -2.340636
abmf 2020  1  1  0 45 30.000000    -13747.280211     -1.860208
abmf 2020  1  1  0 46  0.000000    -13747.280211     -1.284440
abmf 2020  1  1  0 46 30.000000    -13747.280211     -1.558796
abmf 2020  1  1  0 47  0.000000    -13747.280211     -1.950901
abmf 2020  1  1  0 47 30.000000    -13747.280211     -1.162693
abmf 2020  1  1  0 48  0.000000    -13747.280211     -1.087356
abmf 2020  1  1  0 48 30.000000    -13747.280211     -1.546854
abmf 2020  1  1  0 49  0.000000    -13747.280211     -1.599219
abmf 2020  1  1  0 49 30.000000    -13747.280211     -1.234760
abmf 2020  1  1  0 50  0.000000    -13747.280211     -1.478521
abmf 2020  1  1  0 50 30.000000    -13747.280211     -1.874771
abmf 2020  1  1  0 51  0.000000    -13747.280211     -2.548377
abmf 2020  1  1  0 51 30.000000    -13747.280211     -2.401009
abmf 2020  1  1  0 52  0.000000    -13747.280211     -1.929557
abmf 2020  1  1  0 52 30.000000    -13747.280211     -1.415909
abmf 2020  1  1  0 53  0.000000    -13747.280211     -0.840023
abmf 2020  1  1  0 53 30.000000    -13747.280211     -1.056017
abmf 2020  1  1  0 54  0.000000    -13747.280211     -1.585853
abmf 2020  1  1  0 54 30.000000    -13747.280211     -1.280902
abmf 2020  1  1  0 55  0.000000    -13747.280211     -2.185088
abmf 2020  1  1  0 55 30.000000    -13747.280211     -1.747176
abmf 2020  1  1  0 56  0.000000    -13747.280211     -2.026342
abmf 2020  1  1  0 56 30.000000    -13747.280211     -1.914231
abmf 2020  1  1  0 57  0.000000    -13747.280211     -1.520888
abmf 2020  1  1  0 57 30.000000    -13747.280211     -1.879293
abmf 2020  1  1  0 58  0.000000    -13747.280211     -1.912125
abmf 2020  1  1  0 58 30.000000    -13747.280211     -1.941358
abmf 2020  1  1  0 59  0.000000    -13747.280211     -2.177999
abmf 2020  1  1  0 59 30.000000    -13747.280211     -2.249623
