Receiver Clock                                              COMMENT
    30.00                                                   INTERVAL
                                                            END OF HEADER
abmf 2020  1  1  0  0  0.000000    -13849.611567     -0.882992
abmf 2020  1  1  0  0 30.000000    -13849.611567      0.270494
abmf 2020  1  1  0  1  0.000000    -13849.611567      0.092195
abmf 2020  1  1  0  1 30.000000    -13849.611567      0.403691
abmf 2020  1  1  0  2  0.000000    -13849.611567     -1.324275
abmf 2020  1  1  0  2 30.000000    -13849.611567     -1.220280
abmf 2020  1  1  0  3  0.000000    -13849.611567     -0.668794
abmf 2020  1  1  0  3 30.000000    -13849.611567     -0.762403
abmf 2020  1  1  0  4  0.000000    -13849.611567     -0.935008
abmf 2020  1  1  0  4 30.000000    -13849.611567      0.111028
abmf 2020  1  1  0  5  0.000000    -13849.611567     -1.096520
abmf 2020  1  1  0  5 30.000000    -13849.611567     -0.892606
abmf 2020  1  1  0  6  0.000000    -13849.611567     -0.945070
abmf 2020  1  1  0  6 30.000000    -13849.611567     -0.845698
abmf 2020  1  1  0  7  0.000000    -13849.611567     -0.302486
abmf 2020  1  1  0  7 30.000000    -13849.611567     -1.064315
abmf 2020  1  1  0  8  0.000000    -13849.611567     -0.669954
abmf 2020  1  1  0  8 30.000000    -13849.611567     -0.688458
abmf 2020  1  1  0  9  0.000000    -13849.611567     -0.703719
abmf 2020  1  1  0  9 30.000000    -13849.611567     -1.269401
abmf 2020  1  1  0 10  0.000000    -13849.611567     -0.993710
abmf 2020  1  1  0 10 30.000000    -13849.611567     -0.647228
abmf 2020  1  1  0 11  0.000000    -13849.611567     -0.518105
abmf 2020  1  1  0 11 30.000000    -13849.611567      0.006880
abmf 2020  1  1  0 12  0.000000    -13849.611567     -0.693562
abmf 2020  1  1  0 12 30.000000    -13849.611567     -0.622021
abmf 2020  1  1  0 13  0.000000    -13849.611567     -1.214726
abmf 2020  1  1  0 13 30.000000    -13849.611567     -0.933953
abmf 2020  1  1  0 14  0.000000    -13849.611567     -0.871720
abmf 2020  1  1  0 14 30.000000    -13849.611567     -0.318470
abmf 2020  1  1  0 15  0.000000    -13849.611567     -0.179714
abmf 2020  1  1  0 15 30.000000    -13849.611567     -0.630552
abmf 2020  1  1  0 16  0.000000    -13849.611567     -1.043740
abmf 2020  1  1  0 16 30.000000    -13849.611567     -0.682637
abmf 2020  1  1  0 17  0.000000    -13849.611567     -0.725576
abmf 2020  1  1  0 17 30.000000    -13849.611567     -0.508492
abmf 2020  1  1  0 18  0.000000    -13849.611567     -0.626814
abmf 2020  1  1  0 18 30.000000    -13849.611567     -0.566367
abmf 2020  1  1  0 19  0.000000    -13849.611567     -1.050947
abmf 2020  1  1  0 19 30.000000    -13849.611567     -0.498278
abmf 2020  1  1  0 20  0.000000    -13849.611567     -0.737316
abmf 2020  1  1  0 20 30.000000    -13849.611567     -0.718636
abmf 2020  1  1  0 21  0.000000    -13849.611567     -0.766066
abmf 2020  1  1  0 21 30.000000    -13849.611567     -1.047499
abmf 2020  1  1  0 22  0.000000    -13849.611567     -0.546285
abmf 2020  1  1  0 22 30.000000    -13849.611567     -0.699400
abmf 2020  1  1  0 23  0.000000    -13849.611567     -0.267672
abmf 2020  1  1  0 23 30.000000    -13849.611567     -0.111654
abmf 2020  1  1  0 24  0.000000    -13849.611567     -0.688802
abmf 2020  1  1  0 24 30.000000    -13849.611567     -0.821781
abmf 2020  1  1  0 25  0.000000    -13849.611567     -0.651012
abmf 2020  1  1  0 25 30.000000    -13849.611567     -0.881127
abmf 2020  1  1  0 26  0.000000    -13849.611567     -0.571412
abmf 2020  1  1  0 26 30.000000    -13849.611567     -0.869702
abmf 2020  1  1  0 27  0.000000    -13849.611567     -0.342446
abmf 2020  1  1  0 27 30.000000    -13849.611567     -0.969941
abmf 2020  1  1  0 28  0.000000    -13849.611567     -0.182371
abmf 2020  1  1  0 28 30.000000    -13849.611567     -0.101660
abmf 2020  1  1  0 29  0.000000    -13849.611567     -0.716045
abmf 2020  1  1  0 29 30.000000    -13849.611567     -0.292784
abmf 2020  1  1  0 30  0.000000    -13849.611567     -0.316895
abmf 2020  1  1  0 30 30.000000    -13849.611567     -0.939187
abmf 2020  1  1  0 31  0.000000    -13849.611567     -0.864150
abmf 2020  1  1  0 31 30.000000    -13849.611567     -1.194666
abmf 2020  1  1  0 32  0.000000    -13849.611567     -1.489041
abmf 2020  1  1  0 32 30.000000    -13849.611567     -1.052936
abmf 2020  1  1  0 33  0.000000    -13849.611567     -0.393736
abmf 2020  1  1  0 33 30.000000    -13849.611567     -0.542207
abmf 2020  1  1  0 34  0.000000    -13849.611567     -1.219946
abmf 2020  1  1  0 34 30.000000    -13849.611567     -0.623181
abmf 2020  1  1  0 35  0.000000    -13849.611567     -0.608279
abmf 2020  1  1  0 35 30.000000    -13849.611567     -0.256240
abmf 2020  1  1  0 36  0.000000    -13849.611567     -0.521345
abmf 2020  1  1  0 36 30.000000    -13849.611567     -0.620076
abmf 2020  1  1  0 37  0.000000    -13849.611567     -0.432770
abmf 2020  1  1  0 37 30.000000    -13849.611567     -0.704978
abmf 2020  1  1  0 38  0.000000    -13849.611567     -0.176930
abmf 2020  1  1  0 38 30.000000    -13849.611567     -0.279288
abmf 2020  1  1  0 39  0.000000    -13849.611567     -0.666651
abmf 2020  1  1  0 39 30.000000    -13849.611567     -1.128501
abmf 2020  1  1  0 40  0.000000    -13849.611567     -0.314219
abmf 2020  1  1  0 40 30.000000    -13849.611567     -0.737426
abmf 2020  1  1  0 41  0.000000    -13849.611567     -0.587181
abmf 2020  1  1  0 41 30.000000    -13849.611567     -0.309152
abmf 2020  1  1  0 42  0.000000    -13849.611567     -0.470403
abmf 2020  1  1  0 42 30.000000    -13849.611567     -1.013870
abmf 2020  1  1  0 43  0.000000    -13849.611567     -0.910024
abmf 2020  1  1  0 43 30.000000    -13849.611567     -1.273708
abmf 2020  1  1  0 44  0.000000    -13849.611567     -0.655616
abmf 2020  1  1  0 44 30.000000    -13849.611567     -0.368055
abmf 2020  1  1  0 45  0.000000    -13849.611567     -1.009837
abmf 2020  1  1  0 45 30.000000    -13849.611567     -0.530484
abmf 2020  1  1  0 46  0.000000    -13849.611567      0.045994
abmf 2020  1  1  0 46 30.000000    -13849.611567     -0.228113
abmf 2020  1  1  0 47  0.000000    -13849.611567     -0.619423
abmf 2020  1  1  0 47 30.000000    -13849.611567      0.167207
abmf 2020  1  1  0 48  0.000000    -13849.611567      0.238657
abmf 2020  1  1  0 48 30.000000    -13849.611567     -0.215477
abmf 2020  1  1  0 49  0.000000    -13849.611567     -0.270444
abmf 2020  1  1  0 49 30.000000    -13849.611567      0.097653
abmf 2020  1  1  0 50  0.000000    -13849.611567     -0.148442
abmf 2020  1  1  0 50 30.000000    -13849.611567     -0.544317
abmf 2020  1  1  0 51  0.000000    -13849.611567     -1.215888
abmf 2020  1  1  0 51 30.000000    -13849.611567     -1.070895
abmf 2020  1  1  0 52  0.000000    -13849.611567     -0.596699
abmf 2020  1  1  0 52 30.000000    -13849.611567     -0.083764
abmf 2020  1  1  0 53  0.000000    -13849.611567      0.488830
abmf 2020  1  1  0 53 30.000000    -13849.611567      0.274151
abmf 2020  1  1  0 54  0.000000    -13849.611567     -0.258024
abmf 2020  1  1  0 54 30.000000    -13849.611567      0.046871
abmf 2020  1  1  0 55  0.000000    -13849.611567     -0.856826
abmf 2020  1  1  0 55 30.000000    -13849.611567     -0.418482
abmf 2020  1  1  0 56  0.000000    -13849.611567     -0.695447
abmf 2020  1  1  0 56 30.000000    -13849.611567     -0.582469
abmf 2020  1  1  0 57  0.000000    -13849.611567     -0.192117
abmf 2020  1  1  0 57 30.000000    -13849.611567     -0.548918
abmf 2020  1  1  0 58  0.000000    -13849.611567     -0.581743
abmf 2020  1  1  0 58 30.000000    -13849.611567     -0.612578
abmf 2020  1  1  0 59  0.000000    -13849.611567     -0.848795
abmf 2020  1  1  0 59 30.000000    -13849.611567     -0.924436
