Receiver Clock                                              COMMENT
    30.00                                                   INTERVAL
                                                            END OF HEADER
abmf 2020  1  1  0  0  0.000000    -13728.272975      1.488880
abmf 2020  1  1  0  0 30.000000    -13728.272975      2.645681
abmf 2020  1  1  0  1  0.000000    -13728.272975      2.467694
abmf 2020  1  1  0  1 30.000000    -13728.272975      2.777245
abmf 2020  1  1  0  2  0.000000    -13728.272975      1.049790
abmf 2020  1  1  0  2 30.000000    -13728.272975      1.152854
abmf 2020  1  1  0  3  0.000000    -13728.272975      1.704839
abmf 2020  1  1  0  3 30.000000    -13728.272975      1.611048
abmf 2020  1  1  0  4  0.000000    -13728.272975      1.441263
abmf 2020  1  1  0  4 30.000000    -13728.272975      2.485847
abmf 2020  1  1  0  5  0.000000    -13728.272975      1.277998
abmf 2020  1  1  0  5 30.000000    -13728.272975      1.483442
abmf 2020  1  1  0  6  0.000000    -13728.272975      1.431342
abmf 2020  1  1  0  6 30.000000    -13728.272975      1.529881
abmf 2020  1  1  0  7  0.000000    -13728.272975      2.073223
abmf 2020  1  1  0  7 30.000000    -13728.272975      1.310957
abmf 2020  1  1  0  8  0.000000    -13728.272975      1.705539
abmf 2020  1  1  0  8 30.000000    -13728.272975      1.687637
abmf 2020  1  1  0  9  0.000000    -13728.272975      1.672329
abmf 2020  1  1  0  9 30.000000    -13728.272975      1.105555
abmf 2020  1  1  0 10  0.000000    -13728.272975      1.383317
abmf 2020  1  1  0 10 30.000000    -13728.272975      1.728376
abmf 2020  1  1  0 11  0.000000    -13728.272975      1.858235
abmf 2020  1  1  0 11 30.000000    -13728.272975      2.380181
abmf 2020  1  1  0 12  0.000000    -13728.272975      1.682473
abmf 2020  1  1  0 12 30.000000    -13728.272975      1.751625
abmf 2020  1  1  0 13  0.000000    -13728.272975      1.161349
abmf 2020  1  1  0 13 30.000000    -13728.272975      1.439985
abmf 2020  1  1  0 14  0.000000    -13728.272975      1.504052
abmf 2020  1  1  0 14 30.000000    -13728.272975      2.056431
abmf 2020  1  1  0 15  0.000000    -13728.272975      2.193973
abmf 2020  1  1  0 15 30.000000    -13728.272975      1.740624
abmf 2020  1  1  0 16  0.000000    -13728.272975      1.329944
abmf 2020  1  1  0 16 30.000000    -13728.272975      1.689693
abmf 2020  1  1  0 17  0.000000    -13728.272975      1.648308
abmf 2020  1  1  0 17 30.000000    -13728.272975      1.866102
abmf 2020  1  1  0 18  0.000000    -13728.272975      1.748007
abmf 2020  1  1  0 18 30.000000    -13728.272975      1.810338
abmf 2020  1  1  0 19  0.000000    -13728.272975      1.326123
abmf 2020  1  1  0 19 30.000000    -13728.272975      1.876514
abmf 2020  1  1  0 20  0.000000    -13728.272975      1.638292
abmf 2020  1  1  0 20 30.000000    -13728.272975      1.657184
abmf 2020  1  1  0 21  0.000000    -13728.272975      1.609989
abmf 2020  1  1  0 21 30.000000    -13728.272975      1.330554
abmf 2020  1  1  0 22  0.000000    -13728.272975      1.830234
abmf 2020  1  1  0 22 30.000000    -13728.272975      1.677215
abmf 2020  1  1  0 23  0.000000    -13728.272975      2.108134
abmf 2020  1  1  0 23 30.000000    -13728.272975      2.264896
abmf 2020  1  1  0 24  0.000000    -13728.272975      1.690714
abmf 2020  1  1  0 24 30.000000    -13728.272975      1.556816
abmf 2020  1  1  0 25  0.000000    -13728.272975      1.727043
abmf 2020  1  1  0 25 30.000000    -13728.272975      1.495348
abmf 2020  1  1  0 26  0.000000    -13728.272975      1.804410
abmf 2020  1  1  0 26 30.000000    -13728.272975      1.504974
abmf 2020  1  1  0 27  0.000000    -13728.272975      2.031803
abmf 2020  1  1  0 27 30.000000    -13728.272975      1.406249
abmf 2020  1  1  0 28  0.000000    -13728.272975      2.192089
abmf 2020  1  1  0 28 30.000000    -13728.272975      2.271892
abmf 2020  1  1  0 29  0.000000    -13728.272975      1.657568
abmf 2020  1  1  0 29 30.000000    -13728.272975      2.080175
abmf 2020  1  1  0 30  0.000000    -13728.272975      2.056869
abmf 2020  1  1  0 30 30.000000    -13728.272975      1.435148
abmf 2020  1  1  0 31  0.000000    -13728.272975      1.511681
abmf 2020  1  1  0 31 30.000000    -13728.272975      1.182633
abmf 2020  1  1  0 32  0.000000    -13728.272975      0.887964
abmf 2020  1  1  0 32 30.000000    -13728.272975      1.323763
abmf 2020  1  1  0 33  0.000000    -13728.272975      1.981021
abmf 2020  1  1  0 33 30.000000    -13728.272975      1.832023
abmf 2020  1  1  0 34  0.000000    -13728.272975      1.155988
abmf 2020  1  1  0 34 30.000000    -13728.272975      1.753794
abmf 2020  1  1  0 35  0.000000    -13728.272975      1.768591
abmf 2020  1  1  0 35 30.000000    -13728.272975      2.119757
abmf 2020  1  1  0 36  0.000000    -13728.272975      1.854941
abmf 2020  1  1  0 36 30.000000    -13728.272975      1.755112
abmf 2020  1  1  0 37  0.000000    -13728.272975      1.943021
abmf 2020  1  1  0 37 30.000000    -13728.272975      1.671270
abmf 2020  1  1  0 38  0.000000    -13728.272975      2.198040
abmf 2020  1  1  0 38 30.000000    -13728.272975      2.095981
abmf 2020  1  1  0 39  0.000000    -13728.272975      1.708228
abmf 2020  1  1  0 39 30.000000    -13728.272975      1.246758
abmf 2020  1  1  0 40  0.000000    -13728.272975      2.063000
abmf 2020  1  1  0 40 30.000000    -13728.272975      1.639501
abmf 2020  1  1  0 41  0.000000    -13728.272975      1.788423
abmf 2020  1  1  0 41 30.000000    -13728.272975      2.063786
abmf 2020  1  1  0 42  0.000000    -13728.272975      1.903889
abmf 2020  1  1  0 42 30.000000    -13728.272975      1.360719
abmf 2020  1  1  0 43  0.000000    -13728.272975      1.463237
abmf 2020  1  1  0 43 30.000000    -13728.272975      1.102162
abmf 2020  1  1  0 44  0.000000    -13728.272975      1.724791
abmf 2020  1  1  0 44 30.000000    -13728.272975      2.009334
abmf 2020  1  1  0 45  0.000000    -13728.272975      1.364518
abmf 2020  1  1  0 45 30.000000    -13728.272975      1.846005
abmf 2020  1  1  0 46  0.000000    -13728.272975      2.421204
abmf 2020  1  1  0 46 30.000000    -13728.272975      2.148171
abmf 2020  1  1  0 47  0.000000    -13728.272975      1.753369
abmf 2020  1  1  0 47 30.000000    -13728.272975      2.539711
abmf 2020  1  1  0 48  0.000000    -13728.272975      2.612946
abmf 2020  1  1  0 48 30.000000    -13728.272975      2.159427
abmf 2020  1  1  0 49  0.000000    -13728.272975      2.105498
abmf 2020  1  1  0 49 30.000000    -13728.272975      2.468611
abmf 2020  1  1  0 50  0.000000    -13728.272975      2.224047
abmf 2020  1  1  0 50 30.000000    -13728.272975      1.826089
abmf 2020  1  1  0 51  0.000000    -13728.272975      1.154055
abmf 2020  1  1  0 51 30.000000    -13728.272975      1.301858
abmf 2020  1  1  0 52  0.000000    -13728.272975      1.776258
abmf 2020  1  1  0 52 30.000000    -13728.272975      2.287378
abmf 2020  1  1  0 53  0.000000    -13728.272975      2.861353
abmf 2020  1  1  0 53 30.000000    -13728.272975      2.646574
abmf 2020  1  1  0 54  0.000000    -13728.272975      2.116117
abmf 2020  1  1  0 54 30.000000    -13728.272975      2.421547
abmf 2020  1  1  0 55  0.000000    -13728.272975      1.517075
abmf 2020  1  1  0 55 30.000000    -13728.272975      1.956755
abmf 2020  1  1  0 56  0.000000    -13728.272975      1.677741
abmf 2020  1  1  0 56 30.000000    -13728.272975      1.792539
abmf 2020  1  1  0 57  0.000000    -13728.272975      2.182101
abmf 2020  1  1  0 57 30.000000    -13728.272975      1.823399
abmf 2020  1  1  0 58  0.000000    -13728.272975      1.792398
abmf 2020  1  1  0 58 30.000000    -13728.272975      1.762733
abmf 2020  1  1  0 59  0.000000    -13728.272975      1.526035
abmf 2020  1  1  0 59 30.000000    -13728.272975      1.451843
