rov1 G13              5.121129              0.106129  54744.1602141204  54744.2319328704   0.0109   0.0021  43.1
rov1 G19              2.948903             -0.955768  54744.1602141204  54744.3081018518   0.0101   0.0016  60.4
rov1 G23              4.772621              7.354663  54744.1605671296  54744.2212442130   0.0092   0.0033  36.9
rov1 G03             27.825142              5.075771  54744.1605787037  54744.2349884259   0.0116   0.0017  53.9
rov1 G25             10.465097             -0.863571  54744.1606250000  54744.3184606481   0.0116   0.0013  58.7
rov1 G06              0.773317             -6.075277  54744.1606365741  54744.2032754630   0.0097   0.0034  48.8
rov1 G16            -23.242659            -18.516845  54744.1622453704  54744.1891898148   0.0069   0.0047  25.9
rov1 G07             -3.799000             -6.909362  54744.1623032407  54744.3235416667   0.0129   0.0018  54.9
rov1 G27             30.917584              2.055186  54744.1627951389  54744.3233333333   0.0129   0.0014  48.6
rov1 G11             20.048942            -17.068938  54744.1875810185  54744.1959027778   0.0135   0.0145  16.2
rov1 G06             27.390131              1.224409  54744.2033391204  54744.2275983796   0.0096   0.0042  29.3
rov1 G08             30.426035             -4.021579  54744.2039583333  54744.2109606481   0.0124   0.0167  14.6
rov1 G11             34.621358             -2.810952  54744.2061284722  54744.3355902778   0.0105   0.0016  57.9
rov1 G08             29.211067             -3.908581  54744.2166145833  54744.2458912037   0.0082   0.0057  28.2
rov1 G03             28.013738              5.192179  54744.2351446759  54744.2614120370   0.0086   0.0046  23.5
rov1 G13             48.959252              3.654507  54744.2395254630  54744.2614120370   0.0085   0.0091  17.8
rov1 G08             51.439698              7.109081  54744.2459027778  54744.2614120370   0.0078   0.0033  41.9
rov1 G28              9.773468            -13.126941  54744.2496585648  54744.2614120370   0.0101   0.0074  14.7
rov1 G08             50.976393              7.029347  54744.2614699074  54744.3248321759   0.0122   0.0019  57.6
rov1 G28              2.174893             -9.944292  54744.2711574074  54744.3355902778   0.0078   0.0034  36.8
rov1 G17            -23.192950            -23.186750  54744.2987731481  54744.3113657407   0.0111   0.0072  22.7
rov1 G27             19.358352             -1.956377  54744.3236516204  54744.3355902778   0.0081   0.0053  37.3
rov1 G17             26.769223              7.321033  54744.3236863426  54744.3355902778   0.0070   0.0121  31.4
rov1 G32              8.914850            -11.739902  54744.3248437500  54744.3355902778   0.0076   0.0090  22.3
rov1 G08             50.753564              7.028906  54744.3248668981  54744.3355902778   0.0078   0.0056  54.1
rov1 G20             20.082541             -6.058894  54744.3248668981  54744.3355902778   0.0078   0.0074  25.6
