Single-Difference Ambiguity Constraint  ccj2                COMMENT
    SD                                                      TYPE OF CONSTRAINT
     9     9     7                                          G   AMB FIXING (T/W/N)
     6     6     5                                          E   AMB FIXING (T/W/N)
    15    15    12    LAMBDA                                IND AMB FIXING (T/W/N)
                                                            END OF HEADER
 G21 G17 2021  7 29  0  9 30.000000 2021  7 29  0 22  0.000000            32          -19
 G30 G17 2021  7 29  0  9 30.000000 2021  7 29  0 22  0.000000            42           63
 G17 G30 2021  7 29  0 32 30.000000 2021  7 29  0 53 30.000000           -42          -63
 E26 E33 2021  7 29  0  0  0.000000 2021  7 29  0 59 30.000000           -10           15
 G21 G17 2021  7 29  0 28  0.000000 2021  7 29  0 59 30.000000            32          -19
 E33 E19 2021  7 29  0 14 30.000000 2021  7 29  0 59 30.000000           104           73
 G08 G22 2021  7 29  0  0  0.000000 2021  7 29  0 59 30.000000           -20          -28
 E01 E26 2021  7 29  0  0  0.000000 2021  7 29  0 59 30.000000            -4           23
 E31 E24 2021  7 29  0 33  0.000000 2021  7 29  0 59 30.000000            -3           12
 E12 E19 2021  7 29  0 14 30.000000 2021  7 29  0 59 30.000000            92           89
 G01 G14 2021  7 29  0  0  0.000000 2021  7 29  0 59 30.000000           -55          -22
 G08 G21 2021  7 29  0  0  0.000000 2021  7 29  0 59 30.000000           -44           11
