+RMS OF RESIDUALS---PHASE(MM)
NAME SUMM G01 G03 G07 G08 G14 G17 G21 G22 G27 G30 R05 R06 R07 R09 R10 R12 R20 R21 R22 E01 E07 E12 E19 E24 E26 E31 E33
ccj2   13   6   5  22   8  13  20  10   5  13  28  13   0  19   0   0   0  13   9  14   7   0  12  18  14  11   6   7
NAME SUMM G01 G03 G07 G08 G14 G17 G21 G22 G27 G30 R05 R06 R07 R09 R10 R12 R20 R21 R22 E01 E07 E12 E19 E24 E26 E31 E33
-RMS OF RESIDUALS---PHASE(MM)
+TIME SERIES OF RESIDUALS---PHASE(MM)
  ccj2 G01 G03 G07 G08 G14 G17 G21 G22 G27 G30 R05 R06 R07 R09 R10 R12 R20 R21 R22 E01 E07 E12 E19 E24 E26 E31 E33
     1  -2   3      -5   9      -2  -2 -10   1 -10                      10  -1      11     -11           5  -1  -3
     2   1   3  -6 -11   8       2   2  -9   0  -6                      15  -9       8      -1           2   1  -9
     3  -2  -1   1  -4   5       2  -2  -9   6   4                       0  -3       6     -12           2  11  -6
     4  -4   1   2  -7  14      -1   0 -24   1  10                      -7  -2       8     -14           4  -1   4
     5  -6   4  -2  -7  15      -3   3 -24   0   5                      -6   1       7     -13           9   0  -1
     6  -1  -1  -2  -5  10      -3   4 -11  -1   8                     -15   8       7     -10          11  -3  -3
     7   0   1   4   2  13     -10  -3  -3  -8 -11                      -4  11      13     -17          10  -4   0
     8  -4   2   6  -5  26     -11   0 -14 -15   2                      -7   4      13     -20           8   1   1
     9   1  -2   4  -4  17      -6   0  -5 -12   8                     -17   9      11     -13           9  -3  -1
    10   7   3  16  -7  14     -14   1 -19 -15  -8                       8  -1       7     -13          11  -4   1
    11  10   3  12 -11   6     -11   1  -7  -2 -10                       8   0       7     -17          15  -2   1
    12   1   7   8   0  14     -15  -1  -2 -17  -5                     -10  12       3     -12          15  -4   1
    13   0   7  12   2  21     -16  -4   3 -27 -25                      14   7      14     -13           6  -5   0
    14   2   3   2  -6  26     -16   0 -10 -14   1                      -7   5      14     -20          13  -2  -2
    15   4  -3  12   1  12      -8  -2   3 -17  -5                       2   2       9      -7          -1  -5   4
    16   3  -2  13  -4   9      -4   0  10 -17  -3                       0   2       4      -6           3   0  -1
    17  -3  -6   9  -2  11       2   1   7 -16   6                     -15   7       7      -6           2   0  -2
    18  -1  -3   3  -4   8       5   3  16 -20  12                     -16   4       1       9           0  -3  -6
    19  -5   4  -7   0  10      -4   4   8 -12   5                      -7   2      -2       7           0  -2  -3
    20   1   3 -10   2  -9  46  -4   2   0 -13  -7                      14  -5       3       3          -9   2  -1
    21   8   2  -7  -3 -16  46   0  -2   5  -6 -10                      23 -10       5       1         -11   3  -1
    22  -1  -2  -5   0  -6  22   2   1  16  -4   0                       2  -2       1       0          -8   5   0
    23   1   2  -6   1  -1  26  -3  -1  12 -14  -1                       0   0       3       1          -5   1  -2
    24  -1   1 -11   1  -2   8   2   0  14  -5   1                      -2   1       1       7          -4  -1  -4
    25   2  -2   1   4  -3  -5   3  -3   5   2  -9                       8   1       2       1          -4  -1  -1
    26   5  -1  -6   4  -9   2   0   1   1   2 -10                      20  -6      -2      12          -7  -1  -4
    27   7  -1  -6   1  -5  -1  -7   5  -6   4  -5                       9  -3      -4       8           5   1  -8
    28  11  -3   0   4  -4 -26   2  -5  18   6  -8                       2   5       0       9           3  -5  -5
    29   5  -3   0   0  -2 -10  -1   0  23   3 -18                      14   4       4      -2           3   0  -4
    30   1  -4 -10   2   3  -1   1  -1  23  -4  -7                       4   3       6       2  10      -7  -3  -1
    31  10   0 -18   3 -15  26  -6   1   0   6  -8                      17  -6       0       3  13      -9   1   0
    32   5  -1  -5   0  -2   1  -2   1  -3   0  -4                      -1   3      -2      -2  34       2   1  -2
    33   9   0 -10  -2  -4   3  -5   0  16   6   4                      -7   2       0       1  -3       6   0  -4
    34   6   2  -5  -1  -4   7  -7  -1  13   5  -3                       0   2      -2      -7  13       3   4   1
    35   0   4 -12  -1  -1   6  -9   3  22   8   0                       0   0      -3      -2   0       1   0   4
    36   4  -5 -11  -2   2 -20   1   1  -1  24   1                       0  -1       1      -4   7       3   1  -1
    37  10  -7 -11   0  -6 -22   4  -2  17  22   7                      -6  -1      -5       6  25      -8  -3   3
    38  10  -1  -1  -2   4 -18  -3  -4   1  10   5                       6  -8      -3       3  11      -3   0   1
    39   9   2  -6   4  -7  16  -5  -4 -14  -3  13                     -19   3      -2       0  14       1  -1   0
    40   6  -1  13   2   7 -29  -2  -3      -1   2                     -18  10      -7       3  31       8  -7   2
    41   7   2 -14  -1  -1  -3  -6   1       8  -4                      -4   5       2       1  18       5 -11   3
    42   7   2  -5  -8  -3  -2   2  -2      12   4                      -7   2       1      -6  13       5  -5   4
    43   5   2 -17  -5   2  -9   0  -1      15  14                     -23   4      -1      -1  22       7  -7   1
    44  11  -3   2  -8   2 -26   3  -3      21   3                      -4   0       1      -2  10       4  -8   5
    45   7  -2  10  -3  -4  -7   4  -6       8   7                     -12   2       1      -5  12      -5  -8  12
    46  -3   4  17  -6  -6       2   1      10   8                     -16   4      -4      -8   2       4  -6  15
    47   4  -1  23  -2  -6       1  -2       0   2                      11  -8      -2       2 -15     -11  -2  11
    48   3   1  32   8  -1      -5  -7     -16  -6                      -1   5      -3      -3   6      -7  -3  12
    49   9  -1  35  -1  -5      -2  -3     -15  -1                       1   0      -2       0   1      -2  -3   6
    50   5   2  30  -8   1      -2   1     -16  -7                      13  -3       0      -2   2       2  -4   5
    51  -2   1  20   2   0       4  -1     -20   5                      -6   0       4      12 -25      -3  -9  -1
    52   3  -3  26   1  -1       5  -8     -11   5                     -18   7       8      -5 -11      -4  -9  10
    53  -3  -3  31  -3   0       4  -4       2   6                     -18   6       8     -15 -27       5  -3  13
    54  -6  -4  15  -3   1       7   1      -2  -6                      -8   8       5     -12   5       2  -1   7
    55  -7   3  23   6   0       3  -8      -5  -9                      -6  10       2     -12 -16       7   5   5
    56  -4   3  16   2  -5       2  -7      12  -7                     -14  13       3     -17 -11      10  -1  12
    57  -6   2  12  -5 -16  46  -2   7     -16   6                     -11   2       5     -15  -9      -2   5   8
    58  -7  -5  15   4 -32  44   7   4       3  11                     -22   4       3     -14 -24     -14  10  13
    59  -4  -2   2  -5 -31  50   4  10       2  10                      -6  -4       1     -13 -10     -12  14   7
    60   2   2 -16 -12 -21  23   5   1      35  13                       6 -12       2     -14 -19      -9  10  11
    61   2   2   4 -10 -25  20   4   2      33   6                       6  -8      -1     -16 -20      -6  10  14
    62   2  -1 -17 -11 -24  20   2   6      49   7                      22 -17      -1     -18 -37       0  23   5
    63   2   2  -5  -4 -21   1   0   2      55  -1                      15  -7      -9     -14 -33      11  20   5
    64   9   0   2  -5 -13   9  -8   2      26   3                      21 -13      -6     -11 -17       2  18   3
    65   3   7  -7  -5  -9   7  -8  -1      25  17     -20               8 -14       1       0 -33       1   2   5
    66   3  12  -8 -12   1  -4  -5  -2      18  14      19               6 -14      -5       2 -18      12   0   1
    67  -3  13  -8   1  -1 -18  -2  -1      14  -6      46              18  -8     -10      -7 -19  27  -2   5  -3
    68  -6   3 -19   8 -24  17   3  -3      34   2      49              -4  -3     -13      12 -22 -20   0   6  15
    69  -1  -5 -19  17 -14 -16  -7   6      49 -11      55               9  -1     -18       7 -20   0  -4   6  12
    70   0  -1 -19  11 -12 -24   0   1      57   8      25               3 -10     -23       8  -7   4 -11  12   7
    71  -6  -4 -34  12  -6 -28   3  -4      84   8       0              -9  -1      -9      10 -32 -15   6   1  16
    72 -10  -6  -3  -7  -7 -28  15   7      75  -2       2               6  -2     -19      21  -6 -32  21   4  11
    73   2  -3  -9  -3  -8 -42  19   2      60   8       4             -14   1     -18      14  17   1  -3   0   1
    74   4 -11  -9  -7 -14 -13  15   6      51  -3       2             -15   9     -12       8  25 -23  12   5   4
    75  -4  -3  -3  -8  -8 -10  21  -1      32  16       6             -21  -1      -5      15  -1 -18   4   0   3
    76 -12  11 -14 -10  -8 -17  34  -7      19  13       9              -3  -8      -3      11 -14   9 -12   4 -10
    77 -14  16 -37 -20 -12 -14  36  -4      39  30      16             -19 -13      -8      12 -14   4   3   8 -13
    78 -21  12 -39 -11  -4  -8  26   4      19  22      -2             -14  -8      -7      21  -8  -2  11   4 -18
    79  -5   1 -39  -7   9 -26   3  13      31  17      -4              16 -17       0      21 -22   7   3  -8 -12
    80  -4   4 -36  -7  10 -24   1  12      17   8      14               0  -7      -2       7  -9  16  13  -7 -14
    81 -11  -4 -11 -15  32 -12   7  -4      13  13       7              16 -16       5      -9 -16 -13  19  10   2
    82  10   0   0 -14   5  19 -14  -2       8  27      18              -4 -14 -11   3       6 -10 -24  15  -2  10
    83   0   7 -32   2 -10  25 -16   3       0  13      10              10  -7 -18   4      11 -24  -1   1  -2  -5
    84   3   9 -30  -2   1   7 -11   0       2 -13       9              26  -2  -6   3      -3  -4   8   1  -6   1
    85   8   7 -20  -4  -2   8 -13  -1       2  -5      30              21   5 -38  -1      10  -3   8   5  -5 -11
    86  -4   6 -34  -5   6  16 -13   7     -19   8      48              37 -11 -43   0      26 -19   6  -8 -10 -12
    87  -7  10 -37  -6   4  17 -11   8     -28  25      20              -1 -10 -20  -2       0  10  21 -13  -3 -12
    88 -11   5 -39  -1  15  18 -11   5     -38  27      18              18 -23 -10  -4      12   1   3 -14   2  -8
    89  -9   5 -35   4  19  -9 -11  11     -34  23      -4              -9 -14   9  -4      26   5   3  13 -12 -19
    90 -12   6 -27   3  26 -20 -16  17     -20  13     -24              24 -14   4 -10      21  20  15  -1 -13 -18
    91  -6   0 -27   1  26  -4 -18  14     -39  15      -1               2  -4 -13  -9       7  39  18  -3  -9 -18
    92 -10   5   1   3  22  -5  -9   4     -44  -8       1                   7  -5  -7      -4  32  18   5  -8 -12
    93  -8   4  -6  -2  13  13  -9   7     -57 -12      18                   7  -8  -5       2  30   7  12  -8 -10
    94 -11   4 -13  10  -7  26 -10   9     -57 -38       5                  17  10  -6      -8  41   7  -6  -8   1
    95   0  -1  18  -3  -5  27  -4   4     -60 -24       5                  15  -3  -5     -10  49   2  -8   0  -4
    96  -5  -4  38  12  -6  -3   6   3     -28 -27     -18                  19   2   0     -14  18  20 -21   2  -7
    97  -4  -1      14 -11  24  -8   1     -40 -21     -30                  15  10   6      -8  23   0 -21  -2   2
    98   8  -5  70  20 -18  10  -8   1     -43 -35     -31                  21  16   5       0  16   0 -21  -7   2
    99   3   0  84  15  -7   1  -7   0     -44 -27     -25                  24  -3   6      -6  12  18 -21 -10  -5
   100   5   2  54  29 -14  12 -19  -3     -50 -35     -23                  24   5   7     -32   9  33 -33  -3   3
   101  -2   2      22 -17  23 -18   3     -34 -29      -9                  19   0   8     -21  -3  19 -14  -2   2
   102   2   1  44   5 -15  23 -11   4     -36 -16     -25                  14   3   3     -11  33   4 -31  -5   5
   103   3   0  43  11 -10  -2   0   2     -31 -26     -19                  12  17   4     -15  11  17 -19  -2  -2
   104   1  -5   5   6 -18  18   9  -1     -40 -22       9                  -1  20   5       4   1 -11 -27  -1  11
   105   4  -6  25  15  -8   5   2  -4     -37 -16      -4                   7   7   2      -1   5   5 -29   1   0
   106   0  -6  14   8   2  -3   8  -4     -24   2     -13                  -1   9   3       6   2  -5 -16   4  -5
   107   1  -6 -28   3  -6  14   5  -3     -26 -14       3                   2   8   1       6  12 -14 -11   2   2
   108  -8  -4 -14   8   1  12   4  -8     -18   4      -5                   5  -9   1      11   4 -14 -10   5  -2
   109  -1  -7  -4   4  14  -9   7  -8          15       4                   2 -22   0      17  -8  -5  -2   2 -10
   110  -4   0       6   9  -4   6 -13           3       1                   3  -9  -1      11 -16 -11  26   8  -8
   111  -4 -11       4  26 -23  16  -9           4      13                  -5  -4  -2      14 -13  -6   4  -1   1
   112  -5 -10       9  12 -19  17  -4          -9      -3                  -5  21 -13      23   9 -20   1   4   0
   113   7  -7       4  12 -28  18  -5         -13       0                  -4  20  -5      13   4  -2  -4  -2  -4
   114  -3  -5       8   1  -7   7  -1           5       2                  -7   7  -5      11  -7  -7  -7   6   0
   115  -3  -6      13  11 -18  15 -10          17     -17                  -7  11   1      13  -7  -7 -22   7  -4
   116   0  -9       2   6 -14  21  -7           4       7                  -6   1   5      12 -25  -7  -4   8  -4
   117  -3  -9       7  11 -11  13  -7          -3     -11                   3   7   8       4  -8  -9  -9   2   1
   118   1 -11       6  15 -17  15  -9           7       7                  -4  -5   1      10 -15  -3  -9   4  -1
   119   0  -6       8  13 -12   8  -9          13       7                  -9   0  -9      21  -8 -14   4   4   0
   120   6  -8       2   6 -14  14  -5           1       1                 -10  17  -4      17  -4 -17  -3   5   1
  ccj2 G01 G03 G07 G08 G14 G17 G21 G22 G27 G30 R05 R06 R07 R09 R10 R12 R20 R21 R22 E01 E07 E12 E19 E24 E26 E31 E33
-TIME SERIES OF RESIDUALS---PHASE(MM)
