Single-Difference Ambiguity Constraint  abpo                COMMENT
    SD                                                      TYPE OF CONSTRAINT
   322   322   303                                          G   AMB FIXING (T/W/N)
   142   142   142                                          E   AMB FIXING (T/W/N)
    43    43    38                                          C2  AMB FIXING (T/W/N)
    95    94    61                                          C3  AMB FIXING (T/W/N)
   103   103   100    ROUNDING                              IND AMB FIXING (T/W/N)
                                                            END OF HEADER
 G20 G26 2020  1  3  0  0  0.000000 2020  1  3  1  7 30.000000            15          -22
 G20 G25 2020  1  3  0  0  0.000000 2020  1  3  1  7 30.000000            35          -26
 C22 C29 2020  1  3  0  0  0.000000 2020  1  3  2  0  0.000000           -15          -70
 G10 G16 2020  1  3  0 17  0.000000 2020  1  3  2  3  0.000000             2           27
 E19 E33 2020  1  3  0  7 30.000000 2020  1  3  2 11  0.000000            41           44
 C29 C35 2020  1  3  0  0  0.000000 2020  1  3  3  3  0.000000            30            2
 G14 G29 2020  1  3  0  0  0.000000 2020  1  3  3 20 30.000000            11            5
 G29 G21 2020  1  3  0 59 30.000000 2020  1  3  3 20 30.000000           -15           -4
 C14 C08 2020  1  3  2 17 30.000000 2020  1  3  3 28  0.000000             7           23
 C09 C14 2020  1  3  1 32  0.000000 2020  1  3  3 28  0.000000           -15           62
 C21 C24 2020  1  3  2 10 30.000000 2020  1  3  3 35 30.000000             6          -21
 C21 C35 2020  1  3  0  0  0.000000 2020  1  3  3 35 30.000000             9          -69
 E24 E05 2020  1  3  2 42 30.000000 2020  1  3  3 44 30.000000           -13           67
 G26 G32 2020  1  3  0  0  0.000000 2020  1  3  4  1 30.000000             4           15
 G14 G32 2020  1  3  0  0  0.000000 2020  1  3  4  1 30.000000            22          -10
 E04 E31 2020  1  3  0  0  0.000000 2020  1  3  4 33 30.000000             0          -27
 E04 E33 2020  1  3  0  7 30.000000 2020  1  3  4 33 30.000000            10            6
 E01 E09 2020  1  3  0  9  0.000000 2020  1  3  4 58 30.000000            -5            8
 G31 G21 2020  1  3  0 59 30.000000 2020  1  3  5 33  0.000000           -15           -5
 E24 E05 2020  1  3  3 59 30.000000 2020  1  3  5 50 30.000000             1           67
 E33 E25 2020  1  3  5 34 30.000000 2020  1  3  5 55 30.000000            15          -44
 E09 E36 2020  1  3  5 44  0.000000 2020  1  3  6  4 30.000000            26          -23
 G31 G27 2020  1  3  1 38  0.000000 2020  1  3  6 14 30.000000            -3          -39
 G16 G23 2020  1  3  3  2  0.000000 2020  1  3  7 17  0.000000             3            4
 G27 G23 2020  1  3  3  2  0.000000 2020  1  3  7 17  0.000000             3           40
 C26 C24 2020  1  3  2 10 30.000000 2020  1  3  7 27  0.000000            -8           41
 C26 C34 2020  1  3  3  1  0.000000 2020  1  3  7 27  0.000000            14           10
 G26 G22 2020  1  3  6 17 30.000000 2020  1  3  7 43  0.000000            -2           -3
 E31 E36 2020  1  3  5 44  0.000000 2020  1  3  8 18  0.000000            31            1
 C13 C08 2020  1  3  2 17 30.000000 2020  1  3  8 20 30.000000            -5           74
 E12 E11 2020  1  3  3 50  0.000000 2020  1  3  8 41  0.000000             5           -2
 E24 E12 2020  1  3  1 31  0.000000 2020  1  3  8 41  0.000000           -25           91
 G16 G07 2020  1  3  5 40 30.000000 2020  1  3  8 52  0.000000            12          -42
 C24 C33 2020  1  3  8 32 30.000000 2020  1  3  9 24  0.000000            46         -233
 C24 C25 2020  1  3  5 15 30.000000 2020  1  3  9 24  0.000000            15          -62
 C12 C11 2020  1  3  4  6 30.000000 2020  1  3  9 54 30.000000            -1          -20
 C12 C14 2020  1  3  7 29 30.000000 2020  1  3  9 54 30.000000             6          -71
 C25 C21 2020  1  3  6 30 30.000000 2020  1  3 10 14 30.000000            19           39
 G07 G30 2020  1  3  7  9 30.000000 2020  1  3 10 48  0.000000            11          -15
 G08 G01 2020  1  3  5 13  0.000000 2020  1  3 11 19 30.000000           -17          -39
 G08 G03 2020  1  3  7  8 30.000000 2020  1  3 11 19 30.000000             8          -65
 C10 C09 2020  1  3 10 10  0.000000 2020  1  3 11 28 30.000000            52          -38
 C23 C28 2020  1  3  8 47 30.000000 2020  1  3 11 43 30.000000            48          -95
 C34 C28 2020  1  3  8 47 30.000000 2020  1  3 11 53 30.000000             6          -61
 G22 G06 2020  1  3  9 56  0.000000 2020  1  3 12  8 30.000000            29          -49
 G11 G01 2020  1  3  5 13  0.000000 2020  1  3 12 29  0.000000           -20          -46
 E11 E25 2020  1  3  5 34 30.000000 2020  1  3 12 40 30.000000            12          -56
 E25 E02 2020  1  3  8 14 30.000000 2020  1  3 12 40 30.000000            -4            0
 G11 G06 2020  1  3  9 56  0.000000 2020  1  3 12 52 30.000000            23          -65
 G03 G02 2020  1  3 12 51 30.000000 2020  1  3 13  4 30.000000           -15           -4
 E30 E03 2020  1  3 11 36  0.000000 2020  1  3 13 26 30.000000            32          -76
 C13 C11 2020  1  3  4  6 30.000000 2020  1  3 13 31 30.000000             7           36
 E11 E03 2020  1  3 11 36  0.000000 2020  1  3 13 34  0.000000            56         -163
 C14 C06 2020  1  3 10 16 30.000000 2020  1  3 13 51  0.000000           -10          -29
 G28 G02 2020  1  3 12 51 30.000000 2020  1  3 14  3 30.000000            -1          -48
 G28 G17 2020  1  3  9 23  0.000000 2020  1  3 14  3 30.000000             2          -18
 G23 G09 2020  1  3  9 57  0.000000 2020  1  3 14 19 30.000000            -7          -47
 E09 E05 2020  1  3  9 38  0.000000 2020  1  3 14 19 30.000000            18          -47
 G23 G07 2020  1  3 13 17  0.000000 2020  1  3 14 19 30.000000            24          -41
 C33 C27 2020  1  3 12 28  0.000000 2020  1  3 15 10  0.000000           -20          113
 G09 G19 2020  1  3 10 22  0.000000 2020  1  3 15 27  0.000000           -17           60
 G17 G19 2020  1  3 10 22  0.000000 2020  1  3 15 51  0.000000            -3           -6
 C06 C16 2020  1  3 12 21  0.000000 2020  1  3 15 59  0.000000           -40          -39
 C09 C16 2020  1  3 12 21  0.000000 2020  1  3 15 59  0.000000           -41          -43
 E36 E15 2020  1  3 13 58 30.000000 2020  1  3 16 35 30.000000            -1          -53
 E36 E05 2020  1  3  9 38  0.000000 2020  1  3 16 35 30.000000            13          -92
 G06 G13 2020  1  3 13 58  0.000000 2020  1  3 17 58  0.000000            42          -68
 G05 G30 2020  1  3 13 27  0.000000 2020  1  3 18 25 30.000000           -18           33
 C27 C32 2020  1  3 12 31  0.000000 2020  1  3 18 42 30.000000            48          -70
 E13 E25 2020  1  3 17 50  0.000000 2020  1  3 19 57  0.000000           -34          -47
 C23 C37 2020  1  3 15 48 30.000000 2020  1  3 19 57  0.000000             1          -96
 E08 E25 2020  1  3 17 50  0.000000 2020  1  3 19 57  0.000000          -103           88
 C32 C23 2020  1  3 14 31 30.000000 2020  1  3 19 57  0.000000           -48          134
 C30 C19 2020  1  3 19 31  0.000000 2020  1  3 20  5 30.000000           -28          115
 C30 C36 2020  1  3 19 49  0.000000 2020  1  3 20  5 30.000000             3            4
 G05 G20 2020  1  3 19 11  0.000000 2020  1  3 21  7  0.000000           -49          142
 G05 G10 2020  1  3 20 23 30.000000 2020  1  3 21  7  0.000000           -54          126
 G13 G20 2020  1  3 19 11  0.000000 2020  1  3 21 30 30.000000           -75          143
 E13 E07 2020  1  3 18  4 30.000000 2020  1  3 22  0  0.000000             0          -15
 E03 E30 2020  1  3 17 55 30.000000 2020  1  3 22  3  0.000000           -30          100
 E03 E02 2020  1  3 16 17  0.000000 2020  1  3 22  3  0.000000           -69           67
 C37 C20 2020  1  3 17 18 30.000000 2020  1  3 22 20  0.000000          -109          111
 E02 E21 2020  1  3 22 18  0.000000 2020  1  3 22 37 30.000000            16           63
 G21 G25 2020  1  3 20  0  0.000000 2020  1  3 22 42 30.000000            18          -37
 G15 G21 2020  1  3 18  9 30.000000 2020  1  3 22 42 30.000000           -37          147
 G15 G24 2020  1  3 16 56  0.000000 2020  1  3 23 37 30.000000           -38           90
 C22 C30 2020  1  3 22 21 30.000000 2020  1  3 23 59 30.000000            -9         -123
 C19 C30 2020  1  3 22 21 30.000000 2020  1  3 23 59 30.000000           -10          -97
 G20 G14 2020  1  3 22 54  0.000000 2020  1  3 23 59 30.000000           -13            1
 G12 G25 2020  1  3 20  0  0.000000 2020  1  3 23 59 30.000000            -8          -24
 G12 G10 2020  1  3 20 23 30.000000 2020  1  3 23 59 30.000000           -33            4
 C20 C36 2020  1  3 19 49  0.000000 2020  1  3 23 59 30.000000           112          -69
 G31 G26 2020  1  3 23 10  0.000000 2020  1  3 23 59 30.000000            -7          -41
 G32 G14 2020  1  3 22 54  0.000000 2020  1  3 23 59 30.000000           -18           13
 E08 E30 2020  1  3 17 55 30.000000 2020  1  3 23 59 30.000000           -44          105
 E08 E27 2020  1  3 20  7 30.000000 2020  1  3 23 59 30.000000           -71          115
 C09 C10 2020  1  3 17 33 30.000000 2020  1  3 23 59 30.000000             4           51
 G32 G29 2020  1  3 22  6 30.000000 2020  1  3 23 59 30.000000            -3           -3
 G29 G26 2020  1  3 23 10  0.000000 2020  1  3 23 59 30.000000             0          -17
 C10 C07 2020  1  3 17 53  0.000000 2020  1  3 23 59 30.000000           -30           24
