abmf G01              2.254455            -23.897906  58849.0000000000  58849.2135416667   0.0060   0.0093  48.1
abmf G07              5.399182             13.189613  58849.0000000000  58849.2194444444   0.0102   0.0073  41.3
abmf G08              0.880092            -35.797498  58849.0000000000  58849.1663194444   0.0159   0.0149  31.0
abmf G09             14.147754              1.117333  58849.0000000000  58849.1211805556   0.0229   0.0207  21.7
abmf G11             -6.424868            -20.837327  58849.0000000000  58849.2177083333   0.0083   0.0085  47.5
abmf G16             -2.547647            -37.790912  58849.0000000000  58849.0899305556   0.0140   0.0200  16.3
abmf G23             13.611997             18.178950  58849.0000000000  58849.0927083333   0.0146   0.0166  22.9
abmf G26              4.334507            -48.895531  58849.0000000000  58849.0270833333   0.0133   0.0662   9.9
abmf G27              0.908558            -31.824119  58849.0000000000  58849.0711805556   0.0135   0.0235  22.4
abmf E01            -17.594162            -51.198379  58849.0000000000  58849.2482638889   0.0065   0.0050  47.2
abmf E04              0.547565             -6.249226  58849.0000000000  58849.0743055556   0.0101   0.0169  14.3
abmf E19              2.351653             -9.350781  58849.0000000000  58849.0739583333   0.0198   0.0163  14.4
abmf E21              4.724991            -50.235334  58849.0000000000  58849.1357638889   0.0063   0.0083  31.1
abmf E26             -0.860535            -56.213954  58849.0000000000  58849.1527777778   0.0119   0.0086  39.3
abmf E33              5.253735            -29.198338  58849.0000000000  58849.3572916667   0.0095   0.0056  40.1
abmf C23              8.157022              5.142511  58849.0000000000  58849.0722222222   0.0053   0.0125  29.2
abmf C27             10.277313            -30.893691  58849.0000000000  58849.2361111111   0.0078   0.0072  40.9
abmf C28             -9.808200            -43.932978  58849.0000000000  58849.0888888889   0.0116   0.0136  29.2
abmf C30            -12.727450            -38.853096  58849.0000000000  58849.3920138889   0.0067   0.0053  35.8
abmf G22             40.414034             25.219197  58849.0020833333  58849.2350694444   0.0078   0.0111  25.7
abmf E31             -3.803167            -12.181534  58849.0086805556  58849.3375000000   0.0081   0.0052  41.0
abmf E12            -20.092680            -23.130593  58849.0225694444  58849.4920138889   0.0097   0.0045  36.5
abmf G30             15.945525              5.125142  58849.0326388889  58849.2694444444   0.0077   0.0091  30.9
abmf G17             -5.761452              2.159492  58849.0569444444  58849.4104166667   0.0099   0.0064  34.3
abmf C23             10.720846              6.072170  58849.0725694444  58849.0857638889   0.0221   0.0561  11.0
abmf G03             -4.976962            -15.786305  58849.0763888889  58849.2729166667   0.0090   0.0127  33.9
abmf C36             13.788863            -29.944800  58849.0777777778  58849.3347222222   0.0151   0.0076  29.4
abmf G28             -2.820876              8.139663  58849.0809027778  58849.3451388889   0.0126   0.0091  44.3
abmf C29             -1.504413             -7.866471  58849.0996527778  58849.4868055556   0.0176   0.0051  36.1
abmf G19             49.853860             34.171047  58849.1215277778  58849.4427083333   0.0157   0.0080  36.0
abmf G06              7.918436             -2.793168  58849.1236111111  58849.4878472222   0.0157   0.0088  32.7
abmf C20              6.885601             19.095544  58849.1239583333  58849.3986111111   0.0397   0.0071  38.5
abmf E24              5.961673            -52.194144  58849.1326388889  58849.4069444444   0.0209   0.0064  29.5
abmf E21              4.426157            -50.127565  58849.1361111111  58849.1468750000   0.0190   0.0555   9.9
abmf E11            -12.301865              3.825182  58849.1465277778  58849.5927083333   0.0173   0.0046  36.9
abmf E19             -5.533699            -11.220711  58849.1489583333  58849.3746527778   0.0091   0.0089  26.3
abmf G09              7.147152              0.195135  58849.1750000000  58849.3743055556   0.0137   0.0128  20.9
abmf E04             -6.150318            -11.181673  58849.1798611111  58849.5045138889   0.0096   0.0056  38.9
abmf G23             12.780197             19.148317  58849.1819444444  58849.3250000000   0.0154   0.0187  14.2
abmf G02             25.011367             28.206642  58849.1975694444  58849.5545138889   0.0082   0.0068  35.1
abmf C19              3.885654              6.147764  58849.2020833333  58849.5270833333   0.0114   0.0061  41.5
abmf C27             10.277714            -30.739007  58849.2364583333  58849.2493055556   0.0177   0.0469   8.1
abmf E25             -5.563520            -12.183225  58849.2451388889  58849.3961805556   0.0171   0.0124  15.0
abmf G05              5.640272             12.150042  58849.2552083333  58849.6017361111   0.0090   0.0069  34.3
abmf E09             -7.285452            -10.189603  58849.2732638889  58849.7111111111   0.0102   0.0040  38.0
abmf C35            -46.373866            -29.863050  58849.2736111111  58849.5694444444   0.0089   0.0067  43.0
abmf G12              0.541337             10.154017  58849.2812500000  58849.4618055556   0.0153   0.0138  20.5
abmf C22              3.523132             16.117548  58849.2892361111  58849.6937500000   0.0097   0.0052  35.1
abmf G13             -0.551535             10.124593  58849.3232638889  58849.5833333333   0.0108   0.0095  44.0
abmf G30             15.879957              5.283269  58849.3583333333  58849.3774305556   0.0148   0.0476   8.6
abmf E36            -16.091661            -22.182348  58849.3611111111  58849.6784722222   0.0101   0.0051  40.1
abmf G15             -2.214738             10.190624  58849.3652777778  58849.6916666667   0.0108   0.0079  36.6
abmf G25             -2.700932             -7.796900  58849.3697916667  58849.4194444444   0.0246   0.0449   8.1
abmf E05              2.868405             -5.224018  58849.3715277778  58849.8416666667   0.0077   0.0043  37.3
abmf G30             -0.477022             -2.762190  58849.3791666667  58849.4930555556   0.0265   0.0216  14.4
abmf C21              4.447959             15.146334  58849.3913194444  58849.7930555556   0.0106   0.0052  35.3
abmf C36             13.690345            -29.920475  58849.3940972222  58849.5979166667   0.0231   0.0108  20.7
abmf G29             10.411389             11.169035  58849.3989583333  58849.6131944444   0.0098   0.0103  27.3
abmf C12             32.219387             12.713233  58849.4309027778  58849.6645833333   0.0079   0.0105  27.2
abmf G24              6.035543              0.123853  58849.4479166667  58849.7065972222   0.0124   0.0094  43.1
abmf E24              5.968544            -52.217582  58849.4666666667  58849.7326388889   0.0196   0.0072  28.0
abmf E31             -1.975326            -17.125816  58849.4819444444  58849.6197916667   0.0175   0.0158  13.7
abmf G21             24.913574             18.180878  58849.4881944444  58849.7319444444   0.0137   0.0085  34.4
abmf C34              6.202071            -13.883876  58849.4885416667  58849.6739583333   0.0131   0.0101  19.5
abmf E03             18.253730             -2.248640  58849.5038194444  58849.9409722222   0.0154   0.0041  38.0
abmf C26             26.079026             -7.868026  58849.5128472222  58849.8204861111   0.0211   0.0061  42.9
abmf G20              7.596139              7.110175  58849.5253472222  58849.7951388889   0.0150   0.0087  44.2
abmf E25              4.828514            -14.243828  58849.5309027778  58849.8538194444   0.0148   0.0053  40.5
abmf C11              7.152838              2.661650  58849.5375000000  58849.6607638889   0.0188   0.0234  13.5
abmf G12              0.560511             10.125636  58849.5420138889  58849.7475694444   0.0132   0.0110  26.1
abmf G32             11.670033              0.110115  58849.5736111111  58849.9125000000   0.0220   0.0072  35.5
abmf G25              8.638695            -11.923373  58849.5760416667  58849.8145833333   0.0148   0.0093  37.1
abmf G10             -6.148084             -8.873810  58849.5857638889  58849.8333333333   0.0128   0.0086  45.0
abmf C24            -20.355465            -11.891202  58849.5934027778  58849.9826388889   0.0097   0.0052  36.2
abmf E02             -2.491914            -16.254324  58849.6194444444  58849.9993055556   0.0075   0.0037  40.9
abmf C14             10.309973              5.710908  58849.6312500000  58849.9190972222   0.0089   0.0095  42.0
abmf G31             -6.276689              0.126493  58849.6361111111  58849.9993055556   0.0116   0.0073  33.1
abmf G14             12.926065              6.165872  58849.6437500000  58849.9559027778   0.0120   0.0088  38.7
abmf C33             -4.048378            -75.920969  58849.6888888889  58849.9576388889   0.0106   0.0058  37.1
abmf C25              3.873873            -14.910493  58849.6937500000  58849.9993055556   0.0097   0.0066  36.6
abmf G29             10.397799             11.136195  58849.6975694444  58849.8670138889   0.0162   0.0146  18.7
abmf G26              1.282382            -19.855166  58849.7010416667  58849.9993055556   0.0166   0.0097  39.4
abmf E08              0.177425             -9.225070  58849.7159722222  58849.9993055556   0.0088   0.0047  41.9
abmf E30              6.248772            -22.262128  58849.7177083333  58849.9993055556   0.0127   0.0050  35.8
abmf C12             32.464393             12.709581  58849.7375000000  58849.9552083333   0.0154   0.0125  24.1
abmf G16              6.504530             -9.830448  58849.7458333333  58849.9993055556   0.0101   0.0081  40.0
abmf C34              6.204191            -13.868539  58849.7472222222  58849.9993055556   0.0141   0.0073  31.7
abmf G22             49.462834             23.156155  58849.7680555556  58849.9527777778   0.0196   0.0149  17.5
abmf C11              3.395443            -22.360455  58849.7881944444  58849.9993055556   0.0192   0.0090  42.0
abmf G27              1.310400            -34.949239  58849.8086805556  58849.9993055556   0.0070   0.0081  51.9
abmf G03            -18.422042            -19.910482  58849.8090277778  58849.9472222222   0.0238   0.0199  14.8
abmf E36             -6.943199            -40.225091  58849.8201388889  58849.9680555556   0.0147   0.0135  16.7
abmf E07             -9.148634            -24.271274  58849.8274305556  58849.9993055556   0.0182   0.0085  29.7
abmf C23            -10.338927              9.084953  58849.8336805556  58849.9993055556   0.0127   0.0092  26.6
abmf G08              8.103237            -32.937004  58849.8569444444  58849.9993055556   0.0142   0.0090  47.7
abmf E27             14.264404            -22.278045  58849.8614583333  58849.9993055556   0.0190   0.0120  15.9
abmf G21             18.674547             -9.857096  58849.8642361111  58849.9368055556   0.0195   0.0275   9.1
abmf G23             33.792939             27.123057  58849.8659722222  58849.9993055556   0.0047   0.0105  36.3
abmf C28             -4.067027            -37.930504  58849.9020833333  58849.9993055556   0.0107   0.0094  34.0
abmf G09              6.243227             -6.982286  58849.9041666667  58849.9993055556   0.0131   0.0219  26.3
abmf G11            -18.648092            -18.860802  58849.9253472222  58849.9993055556   0.0130   0.0161  27.6
abmf G01             -0.414115            -15.996639  58849.9590277778  58849.9993055556   0.0198   0.0312  17.2
abmf G07             -3.406634              6.164106  58849.9725694444  58849.9993055556   0.0249   0.0366  13.7
