Single-Difference Ambiguity Constraint                      COMMENT
    SD                                                      TYPE OF CONSTRAINT
                                                            END OF HEADER
ac12 G07 G09 2021  7 29  6  0  0.000000 2021  7 29  7  0  0.000000        220158      4203703
ac12 G06 G20 2021  7 29  6  0  0.000000 2021  7 29  7  0  0.000000       2388208       200567
ac12 G02 G06 2021  7 29  6  0  0.000000 2021  7 29  7  0  0.000000      -3290151     -4745951
ac12 G20 G30 2021  7 29  6  0  0.000000 2021  7 29  7  0  0.000000         47907      2295768
ac12 G09 G30 2021  7 29  6  0  0.000000 2021  7 29  7  0  0.000000        999156      1010420
ac12 G04 G07 2021  7 29  6  0  0.000000 2021  7 29  7  0  0.000000       -981083     -4397017
ac12 G04 G16 2021  7 29  6  0  0.000000 2021  7 29  7  0  0.000000       1127705      -979419
